app_id,app_name,rank,country_code,date
com.gm99.divine,神無月,1,HK,2018-01-23
com.dalcomsoft.ssb,SuperStarBTS,2,HK,2018-01-23
com.ayang.AttackHeroes,暴擊英雄-轟呀,3,HK,2018-01-23
com.xggame.latiao2,ママにうまい棒隠された2-ドッキリ回避げーむ,4,HK,2018-01-23
com.icantw.dt,大唐無双-唯一真國戰MMO動作手遊,5,HK,2018-01-23
com.tygame.house1,ママにうまい棒隠された-脱出ゲーム,6,HK,2018-01-23
com.hearthking.jump,跳一跳,7,HK,2018-01-23
com.amazingtour.masterrun,RunMonsterRun!,8,HK,2018-01-23
com.two.room1,ママは私を家に閉じ込めた-脱出ゲーム,9,HK,2018-01-23
net.appmaga.pixelfarm,作ろう！ミニチュア牧場,10,HK,2018-01-23
net.wargaming.wows.blitz,WorldofWarshipsBlitz,11,HK,2018-01-23
com.enjoygame.nwnytw,諾文尼亞-連珠魔法奇遇祭,12,HK,2018-01-23
com.tf.wq2,还有这种操作2,13,HK,2018-01-23
com.klt.game.blocks,hexagonpuzzle,14,HK,2018-01-23
com.sure.singjainew,城寨,15,HK,2018-01-23
com.deadset.zombiesniper.zombiekillinggame,ZombieDeadSet,16,HK,2018-01-23
com.sportsgame.olympicgames.archerymasterchampion,Archery3D:MasterChampion,17,HK,2018-01-23
com.counterstrike.sniper.freeshootinggame,CounterStrikeTerroristShooting,18,HK,2018-01-23
air.jp.ne.hap.tokimeter,ときめーたー,19,HK,2018-01-23
mobi.gameguru.racingfevermoto,RacingFever:Moto,20,HK,2018-01-23
com.gp.shootinggame.animalsniper.deerhunting,AnimalSniperDeerHunting,21,HK,2018-01-23
com.twwecan.yc,夢色卡司,22,HK,2018-01-23
com.sinyee.babybus.doll,BabyPanda'sDollShop-AnEducationalGame,23,HK,2018-01-23
com.ketchapp.fingerdriver,FingerDriver,24,HK,2018-01-23
com.skrezs.fmfes,QooApp2k18,25,HK,2018-01-23
com.tfgco.apps.coloring.free.color.by.number,数字で塗り絵：無料塗り絵帳(ColorbyNumber),26,HK,2018-01-23
com.foyogame.wxzz,無限之戰,27,HK,2018-01-23
com.gameplay.frxx.android,凡人修仙傳-開啟你的仙履奇緣,28,HK,2018-01-23
man.fit.workout.routine.muscle.training,ManFIT-WorkoutatHomewithNoFitnessEquipment,29,HK,2018-01-23
com.sinyee.babybus.taxi,パンダの幼稚園バス-BabyBus子ども・幼児向け,30,HK,2018-01-23
com.yuqian.hens,HappyMissChicken,31,HK,2018-01-23
com.igindis.asiaempire2027,AsiaEmpire2027,32,HK,2018-01-23
com.aicombo.wod,天命之戰,33,HK,2018-01-23
com.tygame.game15,落とし穴回避-脱出ゲーム,34,HK,2018-01-23
com.zepni.catcondo,猫コンドミニアム-CatCondo,35,HK,2018-01-23
invaders.os.galaxy.space.shooter.attack.classic,スクアドロン-弾幕シューティング-スター・ウォーズ,36,HK,2018-01-23
com.wellcore.dining,"和心(日牛,牛八,西佑,道頓堀,京都抹茶庵)",37,HK,2018-01-23
com.dts.bank.robbery.battle.royale,銀行強盗ギャングスター部隊：都市戦ロイヤル,38,HK,2018-01-23
hk.forecasting.year2018,2018年生肖運程秘笈,39,HK,2018-01-23
com.ggee.gp.whimsicalwar,ウィムジカルウォー(WhimsicalWar),40,HK,2018-01-23
com.sdu.didi.gsui.hk,DiDi司機版,41,HK,2018-01-23
com.real.basketball.gp.slamdunk.freesportsgame,BasketballDunkTournament,42,HK,2018-01-23
com.streetchasing.speedracing.freesportscargames,StreetChasingSpeedRacing,43,HK,2018-01-23
free.qooapp.Market.free,QooAppmarket,44,HK,2018-01-23
com.ketchapp.ballsrace,BallsRace,45,HK,2018-01-23
com.hhgame.lmfb,獵魔風暴,46,HK,2018-01-23
com.ss.shsgtw.gp,獸化三國,47,HK,2018-01-23
com.percent.hack,HackCell,48,HK,2018-01-23
net.joyplustech.android_mermaid6,MermaidSecrets6–MermaidPrincessTailDoctor,49,HK,2018-01-23
com.tw.snsplus.boh.android,英雄回來了,50,HK,2018-01-23
com.fwsfa.gasfd.tw,怪獸聯盟：誕生之島,51,HK,2018-01-23
com.libii.puppystory,MyPuppyFriend-CutePetDogCareGames,52,HK,2018-01-23
com.sgs.emhq.android,EMERGENCYHQ,53,HK,2018-01-23
com.ovilex.dragsim2018,DragSim2018,54,HK,2018-01-23
com.tygame.ngame16,パパラッチ回避-脱出ゲーム,55,HK,2018-01-23
com.qianshan.apps.reader,"千山小说库-小说王，史上最全小说库，追书神器，千万本免费小说,言情，玄幻，都市，择天记，海上牧云记",56,HK,2018-01-23
com.welcomemanchester.ballsBlast,BallsBlast,57,HK,2018-01-23
games.fatlion.doodle.alchemy.classic.little.potion.punch.crafting.building.minecraft.cooking.games.witch.saga.fantasy.rpg,錬金術工作：魔法のポーションクッキングゲーム,58,HK,2018-01-23
com.nc.robot.shark,RobotShark,59,HK,2018-01-23
com.mktaid.icebreaking,破冰–滑動手指可賺錢,60,HK,2018-01-23
hk.com.aeoncredit.mobile,AEONHK,61,HK,2018-01-23
com.igg.android.sweetmaker,スイートメーカー,62,HK,2018-01-23
com.idplay.yixiu.puppy4,從狗開始的親親冒險,63,HK,2018-01-23
com.realcreator.human,人类一败涂地,64,HK,2018-01-23
com.ketchapp.knifehit,KnifeHit,65,HK,2018-01-23
com.money_tab.moneytabapp,我要做富翁,66,HK,2018-01-23
mb32r.musica.gratis.music.player.free.download,(EXCEPTUnitedStates/JP/KR/TW)MusicPlayerPRO,67,HK,2018-01-23
com.percent.bbtantwo,BBTAN2by222%,68,HK,2018-01-23
com.ixdzs.read,愛下電子書,69,HK,2018-01-23
com.jlfx.gptw,長生劫,70,HK,2018-01-23
com.biglime.cookingmadness,CookingMadness-AChef'sRestaurantGames,71,HK,2018-01-23
com.color.puzzle.i.love.hue.blendoku.game,ColorPuzzle-Makeyourownwallpaper,72,HK,2018-01-23
games.fatlion.baby.hospital.craft.newborn.care.games.simulator.crafting.building.doctor.kids.games.minecraft.mcpe.free.infant,赤ちゃん病院クラフト：ベビーケアゲーム,73,HK,2018-01-23
org.cocos2dx.jamms.north.pole,脱出ゲームNorthPole氷の上のカチコチハウス,74,HK,2018-01-23
com.umoegame.pianotiles,音楽ピアノ タイル 2,75,HK,2018-01-23
com.is.lightstick.seventeen,SEVENTEENLIGHTSTICK,76,HK,2018-01-23
com.twohands.lod,LordofDungeons,77,HK,2018-01-23
com.gamedreamer.lmhk,黎明奇蹟-打寶的時光,78,HK,2018-01-23
dushu.quanming.mybookreader,最全小說-免費小說閱讀器-武俠、玄幻、修仙-海量電子書,79,HK,2018-01-23
com.andromo.dev648448.app720618,AshGreninjaWallpaper,80,HK,2018-01-23
com.DreamEngineGames.LeagueOfHKDSE,範文爭霸（DSE範文溫習背誦遊戲）,81,HK,2018-01-23
com.imayi.dinodigger3free,DinosaurDigger3Free,82,HK,2018-01-23
com.smjs.dd,數碼馴獸師,83,HK,2018-01-23
com.psvnMaB.Goodnight,マシャとクマ：おやすみ！,84,HK,2018-01-23
com.coffeestainstudios.goatsimulator.free,GoatSimulatorFree,85,HK,2018-01-23
com.nicedonegames.extremecarsimulator2018,ExtremeCarSimulator2018,86,HK,2018-01-23
com.ginnypix.kujicam,KujiCam,87,HK,2018-01-23
com.kittycoloringbookfromuv.android,KittyColoringBook&DrawingGame,88,HK,2018-01-23
com.hot8app,Hot8-初心者のための英語,89,HK,2018-01-23
com.min.craft.mincraft.alezeze,MinCraft:Story,90,HK,2018-01-23
com.ty8.game18,遅れて学校に入る-脱出ゲーム,91,HK,2018-01-23
com.infinite.shooting.galaxy.attack,無限撮影:銀河の攻撃,92,HK,2018-01-23
com.GabrielLimberger.StickmanParkourPlatform,StickmanParkourPlatform,93,HK,2018-01-23
com.nlig.forstarriver,靈煙閣,94,HK,2018-01-23
com.playwithgames.MultilevelParking7,MultiLevel7CarParkingSimulator,95,HK,2018-01-23
com.appatrix.kitchen.cooking.chef.mania,バーチャルシェフ料理ゲーム3D：スーパーシェフキッチン,96,HK,2018-01-23
game.color.ballz.block.brick.puzzle.free.physics.balls,PhysicsBalls,97,HK,2018-01-23
com.devloper.huju.camera,Huji:EffectsCam,98,HK,2018-01-23
com.whatgames.android.ANMP.FAHM,FluffyFall：ピュンピュン飛んでピンチを回避！,99,HK,2018-01-23
com.reststudio.driftcity.trafficracing,DriftCarCityTrafficRacing,100,HK,2018-01-23
com.hhgame.mrjs,末日劍士,101,HK,2018-01-23
chinesezodiac.fortuneprediction.horoscope.astrology.fengshui,2018狗年12生肖運程運勢-事業財富愛情婚姻健康運大師預測風水開運貼士-立春日存錢吉時表,102,HK,2018-01-23
com.cradley.plane.landing.game,リアル飛行機着陸シミュレータ,103,HK,2018-01-23
com.hhgame.njcq,逆劍凌雲,104,HK,2018-01-23
com.tutotoons.app.prettylittleprincess.free,"PrettyLittlePrincess-DressUp,Hair&Makeup",105,HK,2018-01-23
com.twwecan.tbf,東離劍遊紀之生死一劍,106,HK,2018-01-23
com.jlj.forstarriver,初年傳,107,HK,2018-01-23
net.golangit,GoLangit,108,HK,2018-01-23
com.skywar.space.fire.planeshootinggames,SkyWarSpace:PlaneOnFire,109,HK,2018-01-23
com.pi.click,手速测试仪,110,HK,2018-01-23
com.ghosthare.cookingwitch,料理の魔女,111,HK,2018-01-23
com.rules.aliverules.firegames,AliveRules:FireOn,112,HK,2018-01-23
com.oonezero.animal.battlesimulator,AnimalKingdomBattleSimulator3D,113,HK,2018-01-23
com.pregnantcatemma.virtualpet,妊娠したおしゃべり猫エマ,114,HK,2018-01-23
com.mh.mctwztw.android,蒼天王者,115,HK,2018-01-23
com.realboxingchampion.fistfight.sportsgame.free,BoxingChampionRealPunchFist,116,HK,2018-01-23
com.yx.sniperkiller,エリートスナイパー3D-SniperShot,117,HK,2018-01-23
com.repod.forsk,HappyChickEmulator2K18,118,HK,2018-01-23
com.weatherteam.dailyweather.forecast,毎日の天気予報,119,HK,2018-01-23
air.com.smilegames.prettygirlsalldress,SmileCureandPrecureAvatarMaker,120,HK,2018-01-23
air.com.smilegames.prettygirlsalldress,SmileCureandPrecureAvatarMaker,121,HK,2018-01-23
spacexman.KingdomJourney.PirateDiamondCrush,海賊のダイヤモンドが砕ける,122,HK,2018-01-23
jp.arcsy_app.dd4,ダブルドラゴン4,123,HK,2018-01-23
com.oonezero.stick.warsimulator,WarsofStar:StickWarriors,124,HK,2018-01-23
com.ketchapp.rollercoaster,RollerCoaster,125,HK,2018-01-23
com.homebb.app,homebb,126,HK,2018-01-23
com.racinggames.Bus2,公共バス輸送シミュレータ2018-PublicBusTransportSimulator,127,HK,2018-01-23
com.pandoragames.finddifference3,間違い探し500レベル,128,HK,2018-01-23
com.wteam.lovecome,ど根性はるちゃん-脱出ゲーム,129,HK,2018-01-23
com.madcat.easyposer,イージーポーザーEasyPoser,130,HK,2018-01-23
air.jp.funkyland.EscapeBeautySalon,脱出ゲームエステサロンからの脱出,131,HK,2018-01-23
com.cookingtown.chef,CookingTown–RestaurantChefGame,132,HK,2018-01-23
com.sportsgame.boxingfight.realfist,BoxingFight-RealFist,133,HK,2018-01-23
net.beautysalongames.highschool_girls_battle,HighschoolGirlsBattle-FightforLove,134,HK,2018-01-23
com.linefriends.lfstower,SallyTower,135,HK,2018-01-23
com.linefriends.lfjmpb,JumpingBrown(ジャンピングブラウン),136,HK,2018-01-23
com.playwithgames.ExpoParking,ShoppingMallCar&TruckParking,137,HK,2018-01-23
com.uc.browser.en.android.go,UCBrowserMiniforAndroidGo,138,HK,2018-01-23
com.mystylinglounge.android_mybreakupstory,MyBreakupStory-InteractiveStoryGame,139,HK,2018-01-23
com.remote.control.tv.prank.phone,TV用リモコン,140,HK,2018-01-23
com.kaiqigu.android.slg.global,StarWarEmpire,141,HK,2018-01-23
com.kick.police.eagle.robot.transform.game,米国の警察はロボット車の警官のイーグルゲームを変形する,142,HK,2018-01-23
com.cybernet2.titan,AttackofTheTitan:SurveyCorps,143,HK,2018-01-23
com.pickle.ExtrimeCarDriftingSimulator,ExtremeCarDriftingSimulator,144,HK,2018-01-23
com.rps.bloodtest.injection,血液テスト注入シミュレータ医師,145,HK,2018-01-23
jp.whrp.pbattle,バトプラ-BATPLA-,146,HK,2018-01-23
com.checkout.never.werbono,Werble-ThePhotoAnimatorAdvice,147,HK,2018-01-23
com.vdh.worms,IgotWorms,148,HK,2018-01-23
com.toptap.robot.crocodileattack,RobotCrocodileAttack2018,149,HK,2018-01-23
com.GS.Quads.Superheroes.Stunts.Racing,QuadsSuperheroesStuntsRacing,150,HK,2018-01-23
com.csreporters.sakuracall,カードキャプターさくらコール,151,HK,2018-01-23
com.nllc.supersuit,SuperSuit,152,HK,2018-01-23
com.mtsfreegames.impossiblemegaramp,ImpossibleMegaRamp3D,153,HK,2018-01-23
com.twxsw.reader,臺灣小說王,154,HK,2018-01-23
com.tech.offroad.metrobus.games.hills.taxicar.citybus,MetroBusGamesRealMetroSim,155,HK,2018-01-23
com.firedogstudio.msproject,山海星神,156,HK,2018-01-23
com.rds.hospital.er.emergency.doctor.games.heart.surgery,病院救急心臓手術：医者のゲーム,157,HK,2018-01-23
com.gamoper.candymatchlegend.free,キャンディーバースト,158,HK,2018-01-23
com.Tissue.TTS,ローテティングブレイヴ,159,HK,2018-01-23
one.hkvan.driver,爽爽助手,160,HK,2018-01-23
com.PupInteractive.TwistyRoad,曲がりくねった道！,161,HK,2018-01-23
com.tgg.girlhotelhostess.resortparadise,女の子のホテルホステスリゾートの楽園,162,HK,2018-01-23
sixpack.sixpackabs.absworkout,30日でシックスパック-腹筋ワークアウト,163,HK,2018-01-23
org.chyy.huoguo2,開心火鍋店2CookingHappy2-咖啡甜品店、日本料理壽司店等你來開店,164,HK,2018-01-23
com.yo.downloader.downloadvideo,YoDownloader:DownloadVideo,165,HK,2018-01-23
com.funfreebestgames.idlerpg,西遊記後傳-掛機版,166,HK,2018-01-23
com.ware.apps.android.swimwalking,JCNAPSwimWalking游山行,167,HK,2018-01-23
com.zombiehighway.fire.alive.survivalgame,HighwayZombieFire:Alive,168,HK,2018-01-23
aceviral.dragoncraft,DragonCraft,169,HK,2018-01-23
com.blizzard.owl,オーバーウォッチリーグ,170,HK,2018-01-23
com.gmail.collinmwolf.Uganda,UgandanKnucklesSoundboard,171,HK,2018-01-23
jp.co.a_tm.android.plus_iloveparis,おしゃれ壁紙アイコンILoveParis無料,172,HK,2018-01-23
com.miencuclac.cookiejam2018.cookiecrush,CookiesJam2018-Match3Puzzle,173,HK,2018-01-23
com.delpeggee.piggoo2,Peggo,174,HK,2018-01-23
een.maxi_explore.craft.lite,ExplorationStart2017,175,HK,2018-01-23
com.ryohei.haruki.NewYear2018,脱出ゲーム-2018,176,HK,2018-01-23
com.avecreation.drivingzone2,DrivingZone2,177,HK,2018-01-23
com.qooappchina.qoo.app.chinastore,QooAppNew,178,HK,2018-01-23
nz.isaacmercer.knuckles,UgandanKnucklesSoundboard,179,HK,2018-01-23
air.com.babyhazel.babyhazelsnowwhite,BabyHazelSnowWhiteStory,180,HK,2018-01-23
com.jellybtn.godzillio,MonsterBlasters,181,HK,2018-01-23
com.tomobapps.openvpn,OpenVPN-FreeUnlimitedVPNProxy&HotspotVPN,182,HK,2018-01-23
com.laohu.live,老虎直播-線上華人Live直播視訊及聊天交友平臺,183,HK,2018-01-23
com.crispapp.hiddenitems.alicethroughthelookingglass,鏡の国のアリス-時間の旅-アイテム探しアドベンチャー,184,HK,2018-01-23
cn.easelive.keyun,Ketch'UpBike,185,HK,2018-01-23
com.cartoon.mymelodywallpapershd,MyMelodyWallpapersHD,186,HK,2018-01-23
reigns.card.tale.monster.go,養隻精靈—無厘頭亂鬥卡牌RPG回合制手遊,187,HK,2018-01-23
pink.tap.butterfly.piano.tiles,PinkButterflyPianoTiles2018,188,HK,2018-01-23
com.yoapp.puzzleblocks.free,正方形のパズル,189,HK,2018-01-23
com.gu.police.vs.bank.robbery.squad,NY警察の戦いの銀行の強盗ギャングスターの選手,190,HK,2018-01-23
com.followers.bestnine,BestNineof2017forInstagram ,191,HK,2018-01-23
com.byv.chopit,ChopIt,192,HK,2018-01-23
com.yesplum.consumerapp,PlumFood,193,HK,2018-01-23
mario.stickman.warriors,StickmanWarriorsSuperStickBros,194,HK,2018-01-23
com.tutotoons.app.animalhairsalonaustralia.free,AnimalHairSalonAustralia-FunnyPetHaircuts,195,HK,2018-01-23
com.woofiegames.highheelsfashion,HighHeelsFashionShoeDesigner,196,HK,2018-01-23
com.ks.police.free.game.car.play.mechanic.apps,警察車ハイウェイサービス：無料車ゲーム,197,HK,2018-01-23
spacexman.iceprincess.diamondmatch,アイスプリンセスダイヤモンドマッチ,198,HK,2018-01-23
ch.sunnysidegames.thefirm,TheFirm,199,HK,2018-01-23
com.cartoon.liloandstitchwallpapershd,LiloandStitchWallpapersHD,200,HK,2018-01-23
com.xijigame.iamwizard,IAmWizard,201,HK,2018-01-23
com.manga.mangax,Mangax,202,HK,2018-01-23
com.notube.videodownloadermaster,Videodownloadermaster,203,HK,2018-01-23
com.recorder.music.voicerecorder,ボイスレコーダー,204,HK,2018-01-23
air.theflash.f2game.DinoRobot4.TF,변신!다이노로봇-스테고골드공룡게임,205,HK,2018-01-23
com.r2games.fightlings,Fightlings,206,HK,2018-01-23
com.akg.mrblockygarbagemansim,氏。ブロック状のごみの男SIM,207,HK,2018-01-23
fb.video.downloader.plus,Plus:VideoDownloaderforFacebook,208,HK,2018-01-23
com.appbagproo.secondlyuma,bakikatchufhnaserbhalek,209,HK,2018-01-23
com.racinggames.police_chase.crime_city,犯罪市-警察の車のシミュレータ,210,HK,2018-01-23
com.bigboy.sweaty_coin,Sweat-cøinrewardYouToGethealthyTips,211,HK,2018-01-23
com.jump.an,ジャンプ,212,HK,2018-01-23
com.us.stickfight.stickmanwarrior,StickmanFight-BattleofStickman,213,HK,2018-01-23
com.daikokuya.newyear,脱出ゲーム　新年の部屋,214,HK,2018-01-23
air.sjv,Stickmanjailbreak8,215,HK,2018-01-23
com.fatcat.MyMermaidBoyfriend,私の人魚ボーイフレンド,216,HK,2018-01-23
spacexman.sweetfruit.birdcrush,鳥は、マッチ3を押しつぶす,217,HK,2018-01-23
com.appstrending.stickmanparkourrunnerplatform,StickmanParkour,218,HK,2018-01-23
com.iiugame.ljdl,灵界大陆-皇城决战，传奇之巅,219,HK,2018-01-23
com.freegames.trainsim2018,TrainSim2018,220,HK,2018-01-23
theme.lock.cheetah,GameLock–CMLauncher作成の,221,HK,2018-01-23
com.libii.libbychef,PrincessLibbyRestaurantDash,222,HK,2018-01-23
fnaf2.stickman.warriors,StickmanWarriorsZombieFnaf,223,HK,2018-01-23
com.xijigame.archerduel,ArcherDuel,224,HK,2018-01-23
com.xiaoshuo.wanjuanshu,"萬卷小說-免費小說閱讀器(txt,pdf,epub)--海量電子書",225,HK,2018-01-23
com.world.newlife001,MocaFilmHDmoviefree,226,HK,2018-01-23
com.quizforclashroyaletm.quizzesgame,クラッシュロワイヤル™クイズ,227,HK,2018-01-23
com.yowneighbor.helloscary,‫جاررمجنءنهي‬‎,228,HK,2018-01-23
com.messenger.nguyendh,MessengerForSMSFreeText,229,HK,2018-01-23
air.theflash.f2game.DinoRobot3.TF,변신!다이노로봇-프테라그린공룡게임,230,HK,2018-01-23
com.rixonhk.driver,Rixon司機版,231,HK,2018-01-23
com.tvindonesia.newkie,TVIndonesia,232,HK,2018-01-23
com.cardapp.hongkong.wheelock.savannah,Savannah,233,HK,2018-01-23
com.kiwigo.royaltailorshopprinceprincess.free,RoyalTailorShop-Prince&PrincessBoutique,234,HK,2018-01-23
com.pokemonn.ivgo.offline,IVGoオフライン（リスクなしにポケモンIVをチェックする）,235,HK,2018-01-23
com.GMS.icemommybabygrown,IceMommy'sBaby-NewbornSister,236,HK,2018-01-23
com.lolsurprise.eggelol,LOLopensurpriseDolls,237,HK,2018-01-23
com.spiel.manvsmissiles,ManVs.Missiles,238,HK,2018-01-23
com.qihoo360.mobilesafe.gpi,360手机卫士,239,HK,2018-01-23
com.the3daction.Occ2,Occupation2,240,HK,2018-01-23
com.tapclap.jam,RaspberryJam,241,HK,2018-01-23
com.S_H.MakeSword,TheSwordofThrones:GameofThrones,242,HK,2018-01-23
air.theflash.f2game.DinoRobot3.TF,변신!다이노로봇-프테라그린공룡게임,243,HK,2018-01-23
com.bigricher.jewelstar.piratediamonds.treasureking,海賊のダイヤモンドと宝物,244,HK,2018-01-23
jp.nekosuko.tacticsrpg,タクティクスRPG-孤高の職人-:完全無料・無課金のローグライク型ターン制RPG,245,HK,2018-01-23
com.ks.snow.free.slide.game.play.simulator.apps,雪スライディング水パーク：スライディングゲーム,246,HK,2018-01-23
com.kugame.ladybugadventure.run,LadybugAdventureRun,247,HK,2018-01-23
mania.garden.match,GardenMatchMania,248,HK,2018-01-23
com.robotentertainment.heroacademy2,HeroAcademy2,249,HK,2018-01-23
com.cat.maze,迷路のペットアドベンチャー,250,HK,2018-01-23
jp.co.ganbarion.shurado,修羅道,251,HK,2018-01-23
com.dignitygames.cubeescape,CubeEscape,252,HK,2018-01-23
com.ta.aotennis,AustralianOpenGame,253,HK,2018-01-23
com.degoo.android.coffeesweetmaker,コーヒースウィートデザートメーカー,254,HK,2018-01-23
com.vr360moviefilms.pickedbest,VR作品の3D-無料バーチャルリアリティビデオクリップ,255,HK,2018-01-23
com.eytg.ssjj,ShooterOfWar-FPS：Битвагероя,256,HK,2018-01-23
com.LOLPetsandDollsSurprise,L.O.L.PetsandDollsSurprise,257,HK,2018-01-23
com.gamoper.fruitsmatch.free,フルーツペアリング,258,HK,2018-01-23
com.CraftGame.MineExploration,CraftGameAdventure,259,HK,2018-01-23
com.tg.blockytaxidrivercityrush,ブロック状のタクシー運転手：都市ラッシュ,260,HK,2018-01-23
com.mktaid.twnews,樂頭條-讓快樂更有價值,261,HK,2018-01-23
cn.bahamut.game.happybounce,跳一跳升级版,262,HK,2018-01-23
com.fire.boy.water.girl.red.blue.teamwork.twoplayer.coolmatter,RedboyandBluegirlinForestTempleMaze,263,HK,2018-01-23
com.Police.SuperBikesChaseSimulator3D,PoliceMotorbike:SimulatorCrimeCityChase3D,264,HK,2018-01-23
com.hanamobile.app.fanluv,FanLuv(팬럽)-팬덤커뮤니티,265,HK,2018-01-23
com.tricks.make.yes.guidetiptriksGuideforBeybladeBurst.tips,GuideforBeybladeBurst2018,266,HK,2018-01-23
com.kirakira.app,KiraKira✨-GlitterCameraEffect,267,HK,2018-01-23
com.LOLPetsEggsSurpriseDolls,LOLPets:EggsSurpriseDolls,268,HK,2018-01-23
zball.stickman_warriors.stick_war,StickmanWarriorsSuper,269,HK,2018-01-23
com.haikugamesco.escape15,AdventureEscape:MurderInn,270,HK,2018-01-23
com.tomobapps.translatorpocket,"TranslatorPocket-Photo,Voice,TextTranslation",271,HK,2018-01-23
com.mobirix.jking2ani,ジャングルマッチパズル,272,HK,2018-01-23
com.sevenoseven.cookieyummy.android,おいしいクッキー,273,HK,2018-01-23
com.kiwigo.princessbackspa.free,PrincessBackSpa,274,HK,2018-01-23
spacexman.toycubeblast.candylegend,おもちゃキューブブラスト,275,HK,2018-01-23
com.marketamerica.unfranchiseprospecting,UnFranchiseProspecting,276,HK,2018-01-23
com.gta.desert.battleground,DesertBattleground,277,HK,2018-01-23
best60s70s80songs.free90smusicplayer,90年代の音楽、80年代の歌、70年代のラジオのヒット曲,278,HK,2018-01-23
com.bearhugmedia.longhair_princess_wedding,LongHairPrincess4-HappyWedding,279,HK,2018-01-23
com.candybubble.pop.survival.free,CandySurprise,280,HK,2018-01-23
com.gigantic.animojiforiphonex,AnimojiforPhoneX-3DEmojis2018,281,HK,2018-01-23
com.andromo.dev689035.app722878,MegaCharizardXWallpaper,282,HK,2018-01-23
com.icestorm.gm,宝石と魔法の冒険のパズル,283,HK,2018-01-23
jp.actkey.snowtown,脱出ゲーム雪の降る街からの脱出,284,HK,2018-01-23
com.andromo.dev648448.app719015,LiloandStitchWallpapers,285,HK,2018-01-23
com.tg.cargoshipmanualcrane18,貨物船手動クレーン18,286,HK,2018-01-23
match.power.flower,FlowerPowerMatch,287,HK,2018-01-23
pop.bubble.pandora,PandoraBubblePop,288,HK,2018-01-23
com.richjoy.candy.bears,GummyBears,289,HK,2018-01-23
angry.ducks.slingshot,AngryDuck-AngryChicken-Knockdown,290,HK,2018-01-23
sandbox.coloring.number.pixel.art,PixelSandbox-数字で塗り絵スケッチブック漫画を描く,291,HK,2018-01-23
com.ladikapps.world.war2.usa.vs.japan.air.wars,WORLDWARII：アメリカ対ジャパンウォーズ,292,HK,2018-01-23
com.takasimapon.Hatumoude,脱出ゲーム初詣への脱出,293,HK,2018-01-23
com.zzoo.island,LinkIsland,294,HK,2018-01-23
com.gunbattle.rules.battlegrounds.warriorfiregames,GunRules:WarriorBattlegroundsFire,295,HK,2018-01-23
animoji.iphonex.com.appscreators,IPHONEXANIMOJI2018,296,HK,2018-01-23
rising.solitaire.dessert.cooking,ソリティアデザートクッキング,297,HK,2018-01-23
match.candy.lucky,LuckyCandyMatch,298,HK,2018-01-23
jp.co.a_tm.android.plus_shining_butterfly,幻想壁紙アイコンShiningButterfly無料,299,HK,2018-01-23
com.pickle.officebikedrivingsimulator,OfficeBikeDrivingSimulator,300,HK,2018-01-23
com.sonymobile.themes.newyearseve,XPERIA™NewYear’sEveTheme,301,HK,2018-01-23
com.racinggames.train_simulator2.free,列車シミュレータ無料2018-TrainSimulator,302,HK,2018-01-23
com.tap2race.car.driving,究極の車ドライブ：水ドリフトシミュレータ,303,HK,2018-01-23
com.ProcessGames.E63AMGSimulator,E63AMGDriftSimulator,304,HK,2018-01-23
shooter.pyramid.pharaoh,PharaohPyramidShooter,305,HK,2018-01-23
com.earthmaps.gps.livestreetview.tracker,ライブ地球地図GPSトラッキングライブ通りビューHD,306,HK,2018-01-23
com.ProcessGames.A6DriftSimulator,A6DriftSimulator,307,HK,2018-01-23
com.milkcorp.bear,くまといっしょ-恐怖のクマ育成ゲーム,308,HK,2018-01-23
com.dupuz.game2048.yellow,2048チャーム：クラシック＆新2048、ナンバーパズルゲーム,309,HK,2018-01-23
air.EGDDancingBoyRescue,DancingBoyRescue,310,HK,2018-01-23
com.bundavin.finenews,VeNura,311,HK,2018-01-23
com.photoinhole.editor.frame.camera,"PhotoInHole-PhotoFrame,PhotoEditor",312,HK,2018-01-23
com.aon.manga.global,MangaManga,313,HK,2018-01-23
air.EGDBearCubRescue,BearCubRescue,314,HK,2018-01-23
com.wondershare.vlogit,Vlogit-AfreevideoeditormadeforVloggers,315,HK,2018-01-23
mobi.infolife.ezweather.widget.weather.neon.theme,WeatherAppNeonTheme2018,316,HK,2018-01-23
com.samoridev.twicepianotiles,TwiceKPOPPianoTilesGame,317,HK,2018-01-23
net.onethingtech.wallet,LinkToken,318,HK,2018-01-23
com.bluesky.dev.chinese.new.year.photo.frame.red,旧正月の写真のフレーム2018年-新年の写真のフレーム2018年,319,HK,2018-01-23
com.tt.icemommy.pregnant,氷ママ妊娠している手術新生児ツイン姉妹,320,HK,2018-01-23
air.theflash.f2game.DinoRobot61,합체!다이노로봇-프테라노돈,321,HK,2018-01-23
com.mtsfreegames.bikeparkourstreetsofsky,BikeParkour3D-ImpossibleStreetsofSky,322,HK,2018-01-23
com.HGames.ninjasamurai4,NinjaSamuraiAssassinHeroIVMedievalThief,323,HK,2018-01-23
com.zcamera.beauty.cam,"ZBeautyCam-SelfieCamera,FaceFilter,Sticker",324,HK,2018-01-23
cahangon.guidemariokart8,GuideMarioKart8Deluxe,325,HK,2018-01-23
com.kmescape.Bar,脱出ゲームBar,326,HK,2018-01-23
com.payitforward.payitforward,PayItForwardHK,327,HK,2018-01-23
com.freegames.eurotrainsim2018,SubwayEuroTrainSim,328,HK,2018-01-23
net.makerlabs.breakfast_food_recipe_two,BreakfastFoodRecipe2!,329,HK,2018-01-23
livword.com.biblepathway,讀經日引2018,330,HK,2018-01-23
com.tabtale.hercules.love,恋に落ちたヘラクレス-神様と彼女のスクールラブ,331,HK,2018-01-23
com.kiwigo.dreamfashionshop3.free,DreamFashionShop3,332,HK,2018-01-23
com.topstu.archerylegend,ArcheryLegend,333,HK,2018-01-23
com.DominikKotlarEULC,EuropeanLuxuryCars,334,HK,2018-01-23
com.omegaapp.guideforhosyourdaddy,GuideforWho'sYourDaddy,335,HK,2018-01-23
com.superplanet.videogameguardians,電子娯楽守護隊,336,HK,2018-01-23
co.mermaid.avatar.avatarfactory,FactoryforMermaids,337,HK,2018-01-23
com.freemusictool.viphelper,JOOXVIP快速聽歌工具,338,HK,2018-01-23
com.stampletsl.stamplet,Stamplet,339,HK,2018-01-23
com.tctmibc.filemanager,FileManager-Lite,340,HK,2018-01-23
pop.power.flower,FlowerPowerPop,341,HK,2018-01-23
com.xenzet.restore.saferecovery,削除した写真を復元する（セーフリカバリ）,342,HK,2018-01-23
com.smokoko.careatscar3,CarEatsCar3-EvilCars,343,HK,2018-01-23
com.copenhagencreators.SwipeFighter,SwipeFighterHeroes-FunMultiplayerFights,344,HK,2018-01-23
duaribudlblas.bmwbaru.yangudder,NewYandereSimulatorGameTips2017,345,HK,2018-01-23
com.reststudio.endlessrush.oz,EndlessRushOZTemple,346,HK,2018-01-23
com.freetopmusicplayer.videoplayer,MusicPlayer,347,HK,2018-01-23
shooter.bubble.pop.kitty,KittyPopBubbleShooter,348,HK,2018-01-23
com.daikokuya.mineroom,脱出ゲーム　マインルーム,349,HK,2018-01-23
com.ig.panther.superhero.crime.city.battle,PantherSuperHeroCrimeCityBattle,350,HK,2018-01-23
com.mp.spiderboysanandreascrimecity2,クモの少年サンアンドレアス犯罪都市2,351,HK,2018-01-23
sobratk.comlera35m.kilov,SuperSmashFlash2,352,HK,2018-01-23
com.gt.bussimulator.driver.city.hillclimb,OffroadMetroBusGame:BusSimulator,353,HK,2018-01-23
com.tinylabproductions.formula,FastCars:FormulaRacingGrandPrix,354,HK,2018-01-23
com.pfg.pregnant.operation.mom,妊娠している操作ママそして赤ちゃんお手入れ病院,355,HK,2018-01-23
com.offroad.jeep.driving.fun,プラドジープのゲーム,356,HK,2018-01-23
com.kugame.subwayscooters.run,スクーター実行,357,HK,2018-01-23
com.htc.screencapture,HTC画面キャプチャツール,358,HK,2018-01-23
com.glu.fun,TaylorSwift:TheSwiftLife™,359,HK,2018-01-23
com.a360g.carcrash,車クラッシュ破壊エンジン損傷シミュレータ,360,HK,2018-01-23
shooter.bubble.pop.kitty,KittyPopBubbleShooter,361,HK,2018-01-23
com.daikokuya.mineroom,脱出ゲーム　マインルーム,362,HK,2018-01-23
com.ig.panther.superhero.crime.city.battle,PantherSuperHeroCrimeCityBattle,363,HK,2018-01-23
com.mp.spiderboysanandreascrimecity2,クモの少年サンアンドレアス犯罪都市2,364,HK,2018-01-23
sobratk.comlera35m.kilov,SuperSmashFlash2,365,HK,2018-01-23
com.gt.bussimulator.driver.city.hillclimb,OffroadMetroBusGame:BusSimulator,366,HK,2018-01-23
com.offroad.jeep.driving.fun,プラドジープのゲーム,367,HK,2018-01-23
com.kugame.subwayscooters.run,スクーター実行,368,HK,2018-01-23
com.wifianalyzer.analyzer,WiFiアナライザ-ネットワークアナライザ,369,HK,2018-01-23
com.a360g.carcrash,車クラッシュ破壊エンジン損傷シミュレータ,370,HK,2018-01-23
com.door.modern.bus.driver.simulator,バスドライバコーチシミュレータゲーム,371,HK,2018-01-23
com.roy.world,Roy'sWorld,372,HK,2018-01-23
com.riso.nifo.lir,Guideforドッキリ神回避3,373,HK,2018-01-23
com.bigfishgames.ritepassageheartstormgoog,ライト・オブ・パッセージ：嵐に宿る魂,374,HK,2018-01-23
jp.co.a_tm.android.plus_kawaiishibainu_no_osyougatsu,新年壁紙アイコンかわいい柴犬のお正月無料,375,HK,2018-01-23
com.rds.nypd.police.robot.car.transformation,PoliceCarTransformRobotCarCrimeCityCopGame,376,HK,2018-01-23
dpbp.ore.digimonlinkzhelpers,DigimonLinkZ圖鑑,377,HK,2018-01-23
com.topactiongames.rules.of.world.war.hero,世界大戦ヒーローのルール,378,HK,2018-01-23
com.police.helicopterchasesimulatorD,PoliceHelicopter:CrimeCityRescueFlight3D,379,HK,2018-01-23
com.DeletedPicturess.DatasRecovery.App,RestoreDeletedPictures,380,HK,2018-01-23
air.EGDDogFamilyRescue,DogFamilyRescue,381,HK,2018-01-23
com.bestfreegames.highway.transportsimulator,HighwayCargoTruckTransportSimulator,382,HK,2018-01-23
com.zippygames.busdriverhillclimb,BusDriver2018:HillClimbDriving,383,HK,2018-01-23
air.theflash.f2game.PrettyGirl55,레드카펫프리티걸,384,HK,2018-01-23
com.photo.editor.loveframes.romantic,MyLoveFrame,385,HK,2018-01-23
com.puzzlegamesfree.solitaire,Solitaire,386,HK,2018-01-23
com.puransoftware.basketballblack,BasketballBlack,387,HK,2018-01-23
com.crazycatsmedia.backtoschool_lunch_box,SchoolLunchFoodMaker2,388,HK,2018-01-23
com.gumdropgames.FireTruckDrivingSimulator,FireTruckDrivingSimulator,389,HK,2018-01-23
com.liker.machinelikerapps,MachineLiker,390,HK,2018-01-23
com.ZipasGames.Frontier,EventHorizon-Frontier,391,HK,2018-01-23
com.starring.zgirls2,ZgirlsII-LastOne,392,HK,2018-01-23
com.kugame.moto.racing,MotoRacing,393,HK,2018-01-23
com.marts.rollersclass.strating,RollerCoaster2018Party🎢,394,HK,2018-01-23
com.anime.sweetgirlwallpaper,AnimeGirlWallpaper,395,HK,2018-01-23
com.bluesky.dev.chinese.new.year.photo.frame.gold,旧正月の写真のフレーム2018年,396,HK,2018-01-23
color.bubble,BubbleColor,397,HK,2018-01-23
com.lightworker.theevent,事件TheEvent,398,HK,2018-01-23
com.SmallFactory.ProjectKPOP,KPOPクイズ,399,HK,2018-01-23
com.pixelart.colorbynumber,Voxel-3Dピクセル塗り絵,400,HK,2018-01-23
com.lg.mqueen,SuperheroesCarStuntRacingGames,401,HK,2018-01-23
com.paytren.trans,PayTren5.0Beta,402,HK,2018-01-23
com.otek.koreanphonology,らくらくハングル40音,403,HK,2018-01-23
com.pc.rules.of.max.shooter.survival.battleground,RulesofMaxShooterSurvivalBattleground,404,HK,2018-01-23
com.CARBONE.AnimeSoundBox,AnimeSoundBoard,405,HK,2018-01-23
com.gmod.dragonherobattle,DragonShadowBattle2Legend:SuperHeroWarriors,406,HK,2018-01-23
bubbles.daily,DailyBubbles,407,HK,2018-01-23
com.omegaapp.guideforhappywheels,GuideForHappyWheels,408,HK,2018-01-23
com.yhczb.live,螢火蟲直播-面對面視頻聊天App,409,HK,2018-01-23
com.elex.survival,LastFireSurvival:Battleground,410,HK,2018-01-23
catlab.berry,BerryMonsters,411,HK,2018-01-23
com.kakita.blurbackground,ぼかし写真-Kakitaぼかし背景,412,HK,2018-01-23
com.warship.mobile.fate,BattleofWarship,413,HK,2018-01-23
com.bearhugmedia.frozen_mermaid_princess,TheLittlePrincessMermaid:DressUpStoryGame,414,HK,2018-01-23
air.com.bartbonte.red,red,415,HK,2018-01-23
com.bs.antivirus,アンチウイルスクリーナー：Wi-Fiセキュリティ＆ブースター,416,HK,2018-01-23
pirate.vs.saiyan.battle,BattleofSuperSaiyanGokuvsMonkyDLuffy,417,HK,2018-01-23
com.tvindonesiasctv.mediago,tvindonesiasctv,418,HK,2018-01-23
com.indiegamie.eckosoldiers,UndergroundSurvivalmapforMCPECraft,419,HK,2018-01-23
com.gba.pokemon.emerald,GuideForPokemonEmeraldVersion,420,HK,2018-01-23
com.gd.traffic.car.formula.race,リアルドライブレース車レーサー漂流,421,HK,2018-01-23
com.jsdj.twgp,戰國：軍師對決,422,HK,2018-01-23
air.EGDTheChickRescue,TheChickRescue,423,HK,2018-01-23
com.pfg.newborns.twins,新生児双子赤ちゃん妊娠しているママ手術操作,424,HK,2018-01-23
com.mlk.birthdayphotoframes,BirthdayPhotoFrames,425,HK,2018-01-23
com.superboy.superadventure.pro,SuperJungleWorld-SuperJungleBoy,426,HK,2018-01-23
paolo4c.amazfit.watchfaces,AmazfitBipWatchFaces,427,HK,2018-01-23
bwebmedia.animemangadressup,AnimeMangaDressUp,428,HK,2018-01-23
com.appon.domesticdiva,ShilpaShetty:DomesticDiva,429,HK,2018-01-23
com.gu.transform.race.city.game,変換レースシティ：テレビ、車、航空機そして、ボート,430,HK,2018-01-23
com.bluesky.dev.chinese.new.year.photo.frame.orange,旧正月の写真のフレーム2018年-新年の写真のフレーム2018年,431,HK,2018-01-23
com.evlcm.kawaiicatwallpapers,かわいい壁紙😻KawaiiWallpaperswithCats,432,HK,2018-01-23
com.bigtimegames.royalrumble,ROYALWRESTLINGRUMBLEREVOLUTION:FIGHTING2K18,433,HK,2018-01-23
com.bigricher.pharachdiamond.cursedtreasure,ファラオの呪われた宝,434,HK,2018-01-23
com.trendygames.openworldsim,OpenWorldSIM,435,HK,2018-01-23
com.lomo.phone.x.control.center,ControlCenteriOS11-PhoneXnotifications,436,HK,2018-01-23
com.icorps.us.air.force.plane.hijack.rescue,USAirForcePlaneHijackRescueCommandoMission,437,HK,2018-01-23
com.sgzqyzgjb.icecream,三國誌群英傳掛機版-群雄爭霸馳騁沙場,438,HK,2018-01-23
com.chilligame.call.of.world.war.survival.battleground,CallofWorldWar2:SurvivalBackgrounds,439,HK,2018-01-23
com.richjoy.birdmania,BirdMania2018,440,HK,2018-01-23
com.g.volla.wild.dino.survival,ワイルドディノワールドサバイバル,441,HK,2018-01-23
firstfearl.compolun14t.mabif,HappyWheels,442,HK,2018-01-23
com.gamtertainment.car.wars.epic.battle.simulator.crash,リアルカークラッシュシミュレータ：究極のエピックバトル,443,HK,2018-01-23
com.kidroider.kids.bike.rooftop.stunts,KidsMotorbikeStuntsMasterRoofTopArena2018,444,HK,2018-01-23
com.gau.go.launcherex.theme.fd.blondeblazed.fourinone,BlondeBlazedGOLauncherTheme,445,HK,2018-01-23
com.marvelous.highway.cars.stunt,車スタントレース,446,HK,2018-01-23
com.greenapple.gardenharvest2,ファームハーベスト2,447,HK,2018-01-23
com.dgstudios.laracroft.fps.frontlinecommando,LaraCroftFPSSecretAgent:ShooterActionGame,448,HK,2018-01-23
com.johnnygames.crb2,CarrosRebaixadosBrasil2,449,HK,2018-01-23
com.ddyjianxia.g2.googlePlay,三國劍俠傳Online-即時戰鬥PK格鬥RPG動作闖關遊戲,450,HK,2018-01-23
com.celalu.tvindo.tvindonesiaonlinecelalu,TVIndonesiaOnlineCelalu,451,HK,2018-01-23
com.super.stickman.checkpoint.run.jump.vex.vex3.stick,StickmanVex-NewVectorManAdventure,452,HK,2018-01-23
com.lekjamkwal.ibarokissac,AcMarket,453,HK,2018-01-23
com.hbg.submarinesimulator,潜水艦シミュレーターゲーム2017,454,HK,2018-01-23
com.userjoy.sgzm,朕回來了,455,HK,2018-01-23
com.bearhugmedia.vampire_princess_love,VampirePrincess:TheNewGirlatSchool,456,HK,2018-01-23
com.checkout.never.werbdoss,Werble-ThePhotoAnimatorforAndroidTips,457,HK,2018-01-23
com.exotic.driftsimulator.civicsedan,ドリフトシミュレータ：CivicSedan2018,458,HK,2018-01-23
jp.nicolet.ooi,脱出ゲームFactory,459,HK,2018-01-23
com.cuphead.jungle.mugman,cuponhead:WorldMugman&AdventurejungleGame,460,HK,2018-01-23
com.gg.fire.free.rescue.game.play.simulator.apps,消防士大きい消防車：無料3Dゲーム,461,HK,2018-01-23
com.candybubble.hammer.free,CandyHammer,462,HK,2018-01-23
com.gta.stickman.gangster,StickmanGangster,463,HK,2018-01-23
com.crazybuzz.candygummyline.free,キャンディ接続,464,HK,2018-01-23
com.input.funnykeyboard,"FUNKeyboard-CuteEmoji,Emoticon&GIF",465,HK,2018-01-23
com.vgs.mega.tunnel.construction,オフロードトンネル建設3d,466,HK,2018-01-23
comecomecat.marche3,ほのぼのお店屋さんゲーム大繁盛！まんぷくマルシェ3,467,HK,2018-01-23
phototool.app.moviemaker,PhotoVideoMakerWithMusic,468,HK,2018-01-23
com.megabyteapps.bixbyassistantvoicepro,BixbyAssistantVoice-Global,469,HK,2018-01-23
com.mandi.miniworld.foreign,攻略盒子助手for迷你世界GuideforMiniWorld:BlockArt,470,HK,2018-01-23
mahjong.quest.puzzles,🌟麻雀:マジックゲームクエスト,471,HK,2018-01-23
com.microclip.city.car.transport.truck.simulator,CityCarTransporterTruckSimulator,472,HK,2018-01-23
com.bestfreegames.dinosaursimulatorgames18,DinosaurGames-FreeSimulator2018,473,HK,2018-01-23
collect.bubble,BubbleCollect,474,HK,2018-01-23
com.gau.hd.wallpaper,HDWallpaper,475,HK,2018-01-23
com.trnz.armytransform.robotwar2,USArmyTransformRobotWar2,476,HK,2018-01-23
com.ringtones.Latest2018,2018最新超级流行手机铃声,477,HK,2018-01-23
terrariumtvapp.premium.movies.proguide,ProGuiaWatchΤerrariumTV:FreeMovies&TV,478,HK,2018-01-23
com.vector.game.puzzle.twodots.numberlink2248hexa,2248Hexa,479,HK,2018-01-23
com.pg.happydaddy,ハッピーパパシミュレータバーチャル現実家族ゲーム,480,HK,2018-01-23
com.GameArcadeInfo.nes4.tianshizhiyiHACK,翼HACK:CaptainTsubasaII,481,HK,2018-01-23
com.hvhd.wmvid,AllVideoDownloader:VIDOW,482,HK,2018-01-23
match.heys,HayMatch,483,HK,2018-01-23
com.PixologicInc.Auto999liker,999Liker,484,HK,2018-01-23
treasure.hunt.solitaire.match,ソリティアトレジャーハンター,485,HK,2018-01-23
com.billiardgame.poolnight,PoolNight,486,HK,2018-01-23
jp.co.a_tm.android.plus_syokupan_nekochan,かわいい壁紙アイコン食パン猫ちゃん無料,487,HK,2018-01-23
air.jp.globalgear.make2,好きになったら負け2。　完全無料！女性向けイケメン恋愛ゲーム,488,HK,2018-01-23
com.nuttygames.newyear.sale.cashier.fashion,ShoppingMallGirlCashierGame-CashRegister,489,HK,2018-01-23
com.sablo.dollhouse.design2,ドールハウスデザイン＆デコレーション2：ガールズハウスゲーム,490,HK,2018-01-23
com.checkout.never.werbtrice,ProWerbleforAndroidAdvice,491,HK,2018-01-23
com.taiwanwolf.ffbeweb,FFBE攻略網站WIKI大集合,492,HK,2018-01-23
com.emu.arcade1,ArcadeM.A.M.E-MAMECollectionEmulator,493,HK,2018-01-23
com.bestfreegames.callofsniper.ww2.lastsurvivial.survivalbattleground,スナイパーの呼びかけWW2：最後のサバイバルバトルグラウンド,494,HK,2018-01-23
com.pink.cute.lovely.panda,ピンクのかわいいラブリーパンダ,495,HK,2018-01-23
com.toptap.galactichero.survivalwar,GalacticHeroes2018:SurvivalWar,496,HK,2018-01-23
com.autocall.callrecorder.telecall,電話の録音器,497,HK,2018-01-23
com.ProcessGames.Italia458DriftSimulator,458ItaliaDriftSimulator,498,HK,2018-01-23
com.bearhugmedia.mermaid_high_school,MermaidHigh:PrincessDream,499,HK,2018-01-23
air.jp.globalgear.planet,いつものホシ,500,HK,2018-01-23
com.enjoygame.sytwo,聖戰物語-全新養成式活操作RPG,501,HK,2018-01-23
com.OppanaGames.OffroadPickupTruckF150,OffroadPickupTruckF,502,HK,2018-01-23
com.sharkjump.hotelslime,HotelSlime-ClickerGame,503,HK,2018-01-23
com.kickranner.budy,Kickrannerbudy,504,HK,2018-01-23
com.bigricher.bubbleshooter.iceprincess.popfrozen,フリーズマジックプリンセスポップ,505,HK,2018-01-23
com.bigricher.jewelstar.pharaohadventure.questlegend,ファラオアドベンチャークエスト,506,HK,2018-01-23
com.cootek.smartinputv5.skin.keyboard_theme_live_koi_fish_theme,Live3DKoiFishGreenNatureKeyboardTheme,507,HK,2018-01-23
air.EGDFormalWhiteRoomEscape,FormalWhiteRoomEscape,508,HK,2018-01-23
com.gta.bestgrandstickmanauto5.gp,GrandStickmanAutoV,509,HK,2018-01-23
mobi.infolife.ezweather.widget.weather.forecast.in6days,WeatherForecast6days,510,HK,2018-01-23
com.topactiongames.frontline.critical.counter.fire.squad,最前線クリティカルワールドウォーカウンター消防署,511,HK,2018-01-23
com.gps.route.finder.maps.navigations.directions.mobile.location.tracker.phone.locator,GPS、Maps、Navigations＆Directions,512,HK,2018-01-23
com.gzl.catapult.stickman.king,CatapultRealChallenge,513,HK,2018-01-23
com.mastervpn.unlimited.pro,VPNMASTER-Unlimited&Free,514,HK,2018-01-23
air.odd1apps.CanYouEscapeFairytaleCastle,CanYouEscapeFairytaleCastle,515,HK,2018-01-23
com.amanotes.beathopper,BeatHopper:ボールをリズムにバウンス,516,HK,2018-01-23
com.mildescape.escapehotelhotspring,脱出ゲーム　エスケープホテル（露天風呂）,517,HK,2018-01-23
com.frojo.moy3d,Moy3D-MyVirtualPetGame,518,HK,2018-01-23
com.jabra.moments,JabraSound+,519,HK,2018-01-23
com.onething.minecloud,OneThingCloud,520,HK,2018-01-23
com.sudoku.brain.logic.puzzles.games,ナンバー1のナンプレロジックゲーム、簡単で難しいパズル,521,HK,2018-01-23
com.jb.gokeyboard.theme.emojitmedoodle2.getjar,DoodleGOKeyboardAnimatedTheme,522,HK,2018-01-23
com.s_d_u.RobotBattlegrounds,RobotBattlegrounds,523,HK,2018-01-23
co.impactstd.K4,polytone,524,HK,2018-01-23
space.odyssey.bubbles,SpaceOdysseyBubbleShooter,525,HK,2018-01-23
com.traindepo.pixel.train,駆動Blocky鉄道ゲームのピクセル乗車Sim,526,HK,2018-01-23
pl.macaque.FernFlower,FernFlower,527,HK,2018-01-23
pixel.plotagraph.cinemagraph,BringingphotostolifewithPlotagraph+,528,HK,2018-01-23
art.keplers.alarmclock.pisces,WakeYouUpAlarm,529,HK,2018-01-23
com.prettycurewallpaper.op,かなり硬化の壁紙HD2018,530,HK,2018-01-23
com.gzl.city.airplaneflight,AirplaneFunSimulator2018,531,HK,2018-01-23
air.com.rosytales.dirtyairplanecleanup,DirtyAirplaneCleanup,532,HK,2018-01-23
whatsapp.with.open.com.openwith.chat,OpenChatinWHatsapp:Trick&Help,533,HK,2018-01-23
com.blockot.medal.of.ww2.action.shooting.game,CallofModernWorldWar:FreeFPSShootingGames,534,HK,2018-01-23
com.games111brigade.worldwar2.battlegroundsSurvival.WInterShooter,WorldWar2BattlegroundSurvivalWinterShooter,535,HK,2018-01-23
com.voicenavigation.directions.guide.gpsvoice.routemaps,ルート地図声ナビゲーション方向,536,HK,2018-01-23
com.dfz.fire.truck.robot.firefighter.simulator,NYCityFireFighterRobotTransformFireTruck,537,HK,2018-01-23
com.mansoon.tiltgate1,リストポン-WristPong,538,HK,2018-01-23
com.ObiSoft.Prince1,PrinceOfPersia1,539,HK,2018-01-23
com.wM_6256839,天堂M打寶箱,540,HK,2018-01-23
