app_id,app_name,rank,country_code,date
com.team17.escapists2,TheEscapists2:PocketBreakout,1,RO,2019-02-08
com.D3Go.mendel,Alien:Blackout,2,RO,2019-02-08
com.naman14.timberx,TimberXMusicPlayer,3,RO,2019-02-08
com.artstorm.fillvip,FillDeluxeVIP,4,RO,2019-02-08
air.com.littlebigplay.games.premium.hiddenword,HiddenWordBrainExercisePRO,5,RO,2019-02-08
com.tresebrothers.games.startraders2,StarTraders:Frontiers,6,RO,2019-02-08
com.wdsoft.RnBBallNoAD,RnBBall(NoADS),7,RO,2019-02-08
com.free.music.mp3.player.mp3.musicplayerpro,音楽プレーヤー,8,RO,2019-02-08
com.fchatnet.cpupro,CPUzPro,9,RO,2019-02-08
de.brettspielwelt.doppeltsoclever,Twiceasclever,10,RO,2019-02-08
com.one.ui.s10.iconpack,ONEUIIconPack,11,RO,2019-02-08
com.sonymobile.themes.brokenfloor,XPERIA™BrokenFloorTheme,12,RO,2019-02-08
com.mail.emailforgmail.pro,EmailforGmail-NoAds,13,RO,2019-02-08
wonderland.peterpan,Wonderland：ピーター・パン,14,RO,2019-02-08
com.frevo.weaponguide,WeaponGuideForfreefire,15,RO,2019-02-08
uk.co.bluezoo.numberblocks.game1,Numberblocks-HideandSeek,16,RO,2019-02-08
com.usm.andorsecret,LegendsofAndor–TheKing’sSecret,17,RO,2019-02-08
com.thefuntasty.gmlh,GastromapaLukášeHejlíka,18,RO,2019-02-08
com.BrazosMobile.SSAsap,SpaceShooter:AsaPBulletHell,19,RO,2019-02-08
com.ryuminus.srpg,ThirdMiracle(三番目の奇跡),20,RO,2019-02-08
com.NVS.orbtxl,OrbtXL,21,RO,2019-02-08
com.fncnews.fiftyxboosterpro,50XGameBoosterPro,22,RO,2019-02-08
com.rayinformatics.raven,Raven:PhotoScanner,23,RO,2019-02-08
com.NVS.dingdongxl,DingDongXL,24,RO,2019-02-08
daily.conservative.news.report.premium,TheReport-ConservativeNews-Premium,25,RO,2019-02-08
com.viptahminpremium,VipTahminPremiumMaçTahminleri,26,RO,2019-02-08
pravbeseda.spendcontrol.premium,SpendControl:HowmuchcanIspend?Premium,27,RO,2019-02-08
com.florianisme.screencropquicktile,ScreenCrop-QuickSettingsTile,28,RO,2019-02-08
com.fncnews.applockvault,AppLock&GalleryVault-ABCAppLocker,29,RO,2019-02-08
emui.en.com.piedark,DarkPieEMUI9ThemeforHuawei,30,RO,2019-02-08
com.onelook.oneui.circle.iconpack,OneLookCircleIconPack-ONEUI,31,RO,2019-02-08
com.riftcat.vridgecontroller,VRidgeコントローラー,32,RO,2019-02-08
com.wifianalyzer.speedtest.wifirouter.pro,WiFiRouterMasterPro(NoAds)-WiFiAnalyzer,33,RO,2019-02-08
ion.cleaner.pubg.booster,パブブースター,34,RO,2019-02-08
com.gamescafe.sallysspa,Sally'sSpa,35,RO,2019-02-08
me.nextdoors.towervip,秘密の塔VIP(SuperfastgrowingidleRPG),36,RO,2019-02-08
me.dream.lophisroguelikepro,DarkDungeonSurvival:LophisFateCardRoguelike,37,RO,2019-02-08
com.acideapestudios.acidapechess.gme,AcidApeChessGrandmasterEdition,38,RO,2019-02-08
hastamev.oneuidark.com,OneUIDark-IconPack,39,RO,2019-02-08
com.alendar_earthboar,AlendarEarthBoar,40,RO,2019-02-08
com.turner.ben10uptospeed,Ben10-UpToSpeed,41,RO,2019-02-08
com.wallpaper.dydxPro,dy/dxPro-HDGradientWallpapers,42,RO,2019-02-08
com.wipex.onlinetv,OnlineTVCZ/SKPRO,43,RO,2019-02-08
com.dumplingsandwich.pencilsketchhd,ペンシルスケッチHD,44,RO,2019-02-08
com.greatapps.papercraftgame,Materialspaceshootingwargame,45,RO,2019-02-08
game.GRYNSQYD.BACKFIRE,BACKFIRE,46,RO,2019-02-08
com.phone.ulauncher.pro.no.ad,ULauncherPro-NOADS,47,RO,2019-02-08
vukash.in.candycons.unwrapped,CandyConsUnwrapped-IconPack,48,RO,2019-02-08
com.bladecoder.bonasera3,JohnnyBonasera3,49,RO,2019-02-08
com.ware.starblackout.eliter6ssoundboard,RainbowSixEliteSoundBoard,50,RO,2019-02-08
emui.en.com.pieblack,BlackPieEMUI9forHuaweidevices,51,RO,2019-02-08
equalizer.bassbooster.musicplayer.theme.pro,EqualizerFXPro,52,RO,2019-02-08
emui.en.com.blackemui,BlackEMUI9ThemeforHuawei[DarkEMUI],53,RO,2019-02-08
com.opentouchgaming.quadtouch,QuadTouch,54,RO,2019-02-08
com.moab.ef1,EuropeFront(Full),55,RO,2019-02-08
mspj059.kustom.pack,MS-PJ059ThemeforKLWP,56,RO,2019-02-08
emui.en.com.darkred,DarkRedEMUI9Theme[BlackandRed],57,RO,2019-02-08
com.radiangames.slydris2,Slydris2,58,RO,2019-02-08
com.ballisticx.ballisticxapp,BallisticX,59,RO,2019-02-08
navitel.desert.arabic,‫نافيتيلالصحراءالسعوديةالكويتقطر-Guide‬‎,60,RO,2019-02-08
com.illusioniz.team.chiki.icons,CHIKIIconPack,61,RO,2019-02-08
com.augustro.junkcleaner,CleanerbyAugustro,62,RO,2019-02-08
com.BrazosMobileOggk.SSInfinityMeja,SpaceShooter3D:BulletHellMejaInfinity,63,RO,2019-02-08
com.dodamgames.aos.thecoma,TheComa:CuttingClass,64,RO,2019-02-08
com.elifoot.m19p,Elifoot19PRO,65,RO,2019-02-08
com.DSG.isteliastory,이스텔리아스토리,66,RO,2019-02-08
com.mapgears.nbfsc_2018_2019,GoSnowmobilingNB2018-2019!,67,RO,2019-02-08
com.bhanu.smartnavbar,Smartnavigationbar-navbarslideshow,68,RO,2019-02-08
com.nevil.rustymemoryvip,RustyMemoryVIP:Survival,69,RO,2019-02-08
com.dcentkwgtbyahmad.kustom.pack,DCentkwgt,70,RO,2019-02-08
br.lumts.tvfull,TVfullIPTV-AssistirTV,71,RO,2019-02-08
com.editoraautadesouza.agenda2019,AgendaReformaÍntima2019,72,RO,2019-02-08
com.yourappscreator.sso.android5bfac66402c0c,BoulangerApp,73,RO,2019-02-08
com.vitotechnology.Eclipse,EclipseGuide-日食そして月食,74,RO,2019-02-08
com.vnpixel.chodaumoi,ChợĐầuMối,75,RO,2019-02-08
com.lge.theme.markbencze.twilight.vthirty,"TwilightThemeforLGV20,LGG6,LGV30,LGG5",76,RO,2019-02-08
com.electromissionx.cablepro,Voltagedrop/Cablesize/ShortcircuitCalcs,77,RO,2019-02-08
com.andromo.dev804144.app910711,Alphamatic,78,RO,2019-02-08
darkfuturetheme.kustom.pack,DarkFutureThemeforKLWP,79,RO,2019-02-08
jafar.khair.aldalela,‫الدليله‬‎,80,RO,2019-02-08
emui.en.com.piewhite,"PieWhiteEMUI9Theme[GoogleSans,Pieicons]",81,RO,2019-02-08
fs.wmwatch.shield115,Shield115WatchFaceForWatchMakerUsers,82,RO,2019-02-08
hu.redshift.thequestexpa,TheQuest-CelticDoom,83,RO,2019-02-08
jp.co.sting.bsy,バロックシンドロームBAROQUESYNDROME,84,RO,2019-02-08
com.poweramp.v3.ud.wood,Powerampv3skinwood,85,RO,2019-02-08
br.lumts.mangashield,MangáShield-LerMangás,86,RO,2019-02-08
com.piedlove.brilliant.diamond.hands,BrilliantDiamondHandsWatchFace,87,RO,2019-02-08
com.adamson.miles.climbingtrainer,ClimbingCoach-ThePersonalTrainer,88,RO,2019-02-08
javaforkwgt.kustom.pack,JavaForKWGT,89,RO,2019-02-08
com.waywaystudio.rowrow,RowRow,90,RO,2019-02-08
giap.lge.oneui.black.v30,OneUIDarkforLGV30V20G6G5,91,RO,2019-02-08
com.soglacho.tl.player.edgemusic,MusicplayerS9EDGENote9(PRO),92,RO,2019-02-08
com.cesotvet.ces5,CES5.3.3Answers,93,RO,2019-02-08
com.honeydew1853.stealerg,ソードナイツ:ゴーストハンター,94,RO,2019-02-08
com.lge.theme.markbencze.twilight.vforty,"TwilightThemeforLGV40,LGG7",95,RO,2019-02-08
romisystemforklwp.kustom.pack,RommiSystemforKLWP,96,RO,2019-02-08
com.casualnavigation.signalflagflashcards,SignalFlagFlashCards,97,RO,2019-02-08
com.kukkutasastramtelugu.kukkutasastramtelugu,KukkutaSastramTelugu,98,RO,2019-02-08
com.fgoFateGrandOrder.stickerapp,FGOFateGrandOrder-WAStickerApps,99,RO,2019-02-08
com.tomatotimes.pipcam,PiPCam-Picture-in-PictureFromYourCamera,100,RO,2019-02-08
com.starlight.tune.superhero.robot.premium,SuperheroesRobot:CityWars-ActionRPGPremium,101,RO,2019-02-08
com.interaactive.tamyiz,Tamyiz,102,RO,2019-02-08
fiction.kustom.pack,FictionKWGT,103,RO,2019-02-08
com.tabom.projecthorrorvip,隠れん坊(StoryofDorothy),104,RO,2019-02-08
dk.makeable.md,Mayadroem,105,RO,2019-02-08
com.notic.pro,Notificationblocker&history(pro),106,RO,2019-02-08
me.nextdoors.fastarvip,FASTARVIP-ShootingStarRhythmGame,107,RO,2019-02-08
com.Doctrina.Anoxemia,Anoxemia,108,RO,2019-02-08
com.BrazosMobile.SpaceBattleKulkas,SpaceShooterKulkas,109,RO,2019-02-08
com.soft.flightsimulator,FlightSimulator,110,RO,2019-02-08
com.redrazors.mastersummoner,MasterSummonerPFRPG1e,111,RO,2019-02-08
com.citrusbit.subliminalvisionboard,SubliminalVisionBoards®App,112,RO,2019-02-08
com.allinonehomeschool.epmcguffyprimer,EPMcGuffeyPrimer,113,RO,2019-02-08
com.goreste.linerider,LineRider,114,RO,2019-02-08
com.glorybettingtips.specialvip,GloryBettingTipsSpecialVIP,115,RO,2019-02-08
le.progressioni.it,LEPROGRESSIONI,116,RO,2019-02-08
com.glorybettingtips.basketball,GloryBettingTipsBasketballVIP,117,RO,2019-02-08
com.glorybettingtips.underover,GloryBettingTipsUnder/OverVIP,118,RO,2019-02-08
com.radiangames.devastator,Devastator,119,RO,2019-02-08
alchemyforkwgt.kustom.pack,AlchemyforKWGT,120,RO,2019-02-08
com.vybes.stickies_paid,VybesStickerFun,121,RO,2019-02-08
com.fomas.MichaelJacksonstickers,"MichaelJacksonWhatsAppStickers,WAStickersApp",122,RO,2019-02-08
air.com.simengjermundsen.kidsapp,TheKidsApp—Forchildrenandbabiesaged0-3,123,RO,2019-02-08
sonycameraremote.pro,SonyRemotePro,124,RO,2019-02-08
fuiv11.kustom.pack,FUIv11,125,RO,2019-02-08
com.ndiviapps.videodownloader.pro,VideoDownloader(Pro),126,RO,2019-02-08
com.simplemobiletools.studentcalendarpaid,StudentCalendarPro,127,RO,2019-02-08
com.jd.braveabittooarrogant,NoHeroesAllowed:NoPuzzlesEither!™G,128,RO,2019-02-08
com.InfiniteRage.ZombieGO,ZombieGO-AHorrorPuzzleGame,129,RO,2019-02-08
com.lykkestudios.oar,Aivolution,130,RO,2019-02-08
com.DeepSleep.SimpleKingdom,SimpleKingdom,131,RO,2019-02-08
com.wallpaperscraft.parallax,"LiveWallpapersFullHD,4K,3DParallax",132,RO,2019-02-08
space.blam.pixle3d,PIXLE3D-ColorbyNumbers-PixelArtColoring,133,RO,2019-02-08
giap.lge.oneui.black.g7,OneUIDarkforLGV40V35G7,134,RO,2019-02-08
com.ElectroMissionProX.electromissionprox,ElectroMissionPro.,135,RO,2019-02-08
com.tasouzaapps.caveira.premium,MemedaCaveira-WAStickerApps,136,RO,2019-02-08
com.iatfei.streakalarm.play,StreakAlarmforSnapchat(StreakReminder),137,RO,2019-02-08
com.AB.DRDPE,DirtRallyDriverHDPremium,138,RO,2019-02-08
com.aygunduzstudios.MeteorDiver2,MeteorDiver2,139,RO,2019-02-08
com.scottethington.pickemup,Pick'EmUp,140,RO,2019-02-08
com.AlAtlasMosawar.Part1.Full,‫الأطلسالمصورللنباتاتالبرية-الجزءالأول‬‎,141,RO,2019-02-08
com.seemiyah.smartphone,Seemiyahforsmartphones,142,RO,2019-02-08
com.movotech.ifaoma,IfaOma,143,RO,2019-02-08
com.glorybettingtips.htftvip,GloryBettingTipsHT/FTVIP,144,RO,2019-02-08
com.equitysoft.theorytest,DrivingTheoryTestUK-2019,145,RO,2019-02-08
com.spongecase.keyboard,sPoNgEcAsE,146,RO,2019-02-08
com.glorybettingtips.bigmamba,GloryBettingTipsBigMamba,147,RO,2019-02-08
com.krisdb.wearquicksettings2,WearQuickSettings,148,RO,2019-02-08
com.deepscoring.apsim,AirPistolSimulator,149,RO,2019-02-08
com.wInstaPlusMeFULL_8515070,InstaPlusMeFULL,150,RO,2019-02-08
com.onejilife2.coompany,BattleForPower,151,RO,2019-02-08
com.apolloengine.grfriendsingod1,GirlfriendsinGod,152,RO,2019-02-08
eleganceklck.kustom.pack,EleganceKLCK,153,RO,2019-02-08
com.app.cubepointapppremium,ACASATVPREMIUM,154,RO,2019-02-08
minimaldeskuikustom.kustom.pack,MinimalDeskUIKustom/klwp,155,RO,2019-02-08
com.lkmad.Panmorphia2,Panmorphia:Enchanted,156,RO,2019-02-08
com.GamesFolderLLC.Chinchiroll,ChinchiRoll,157,RO,2019-02-08
de.appsolute.timeedition2,timeEdition-Zeiterfassung2.0,158,RO,2019-02-08
marzodev.appone.tunesien,TunesischLernenProQuiz,159,RO,2019-02-08
abk.keyboard,AdvancedBrailleKeyboard,160,RO,2019-02-08
com.childrenoftheUSSR.gamesfromchildhood,Игрыиздетства10в1,161,RO,2019-02-08
h7.hamzio7.md2dark,[Sub/EMUI]DarkMD2EMUI8.X/5.XTheme,162,RO,2019-02-08
devkdr.sfvaeframedatapro,FRAMEDATAforSFVAEPRO,163,RO,2019-02-08
com.DChristy.Mazer,Mazer,164,RO,2019-02-08
com.cris87.retroxygen,RETROXYGEN-ICONPACK,165,RO,2019-02-08
com.BrazosMobileOggk.SSInfinityJerigen,3DSpaceShooter:InfinityJerigen,166,RO,2019-02-08
pl.kita.escapeplanfromtarkovna,EscapePlanFromTarkov(noads),167,RO,2019-02-08
com.TreeSpider.EvilEyePlus,EvilEye+(悪の目+),168,RO,2019-02-08
com.AlAtlasMosawar.Part2.Full,‫الأطلسالمصورللنباتاتالبرية-الجزءالثاني‬‎,169,RO,2019-02-08
rammor.wmwatch.BlackandBrightKnight,BlackandBrightKnightwatch,170,RO,2019-02-08
com.xcoder.livetips2,LiveTipsPremium,171,RO,2019-02-08
a88days.stijnkramer.com.app,88Days,172,RO,2019-02-08
com.lpcgames.olddragonideiasrpg,OldDragon-IdeiasRPG,173,RO,2019-02-08
com.kaleden,Kaleden-MaçTahminleri,174,RO,2019-02-08
club.kurotsushirou.rave,レイヴランシル物語,175,RO,2019-02-08
de.felle.hockeylessons,IceHockeyPro,176,RO,2019-02-08
com.mgameday.DoorsAndRooms3Paid,ドアス&ルームズ:完璧な脱出,177,RO,2019-02-08
com.my.homedesignphotos,3DHomeDesignPhotos,178,RO,2019-02-08
playstore.developers.billerpro,Billerpro:BillingAppForRetailShop,179,RO,2019-02-08
com.peakbettingtips.htft,PeakBettingTipsHT/FT,180,RO,2019-02-08
com.bikinaplikasi.tristan13,TristanHijab,181,RO,2019-02-08
com.CornerCaseGames.Nook,Nook,182,RO,2019-02-08
com.manjinderplaystore123.andy_loan,AndyLoanLoansIn10Minutes,183,RO,2019-02-08
com.cooperbold.cocktailparty,CocktailParty,184,RO,2019-02-08
com.applicazione.andre.betcalc.version2,CalcolatoreperMatchedBettingITA,185,RO,2019-02-08
com.WiseAlpaca.WiseAlpacaFortuneTeller,WiseAlpaca:FortuneTeller,186,RO,2019-02-08
com.eay.daycounter,Yonks,187,RO,2019-02-08
com.bigbeardaudio.echovox.touch,ECHOVOXTOUCHEVTPARANORMALITCDEVICEGHOSTBOX,188,RO,2019-02-08
com.MeterLocator.pea.co.th,MeterLocator,189,RO,2019-02-08
com.starlight.superhero.fight.pay,SuperheroFight:SwordBattle-ActionRPGPremium,190,RO,2019-02-08
com.sam.storm.aqua,StormAquaIconsPack,191,RO,2019-02-08
com.thegosa.valentinesday,Valentinesday|LiveWallpaper|XperiaTheme,192,RO,2019-02-08
com.peakbettingtips.generous,PeakBettingTipsGenerousVIP,193,RO,2019-02-08
com.hfnelson.cellular,CellulARforMergeCube,194,RO,2019-02-08
dk.makeable.lb,Loui&Bearnaisen,195,RO,2019-02-08
com.LostTitleStudios.WH40KDiceNoAds,WH40K:DiceCompanion(8thEdition)Ad-Free,196,RO,2019-02-08
eu.emojimedia.queenmoji,QueenMoji,197,RO,2019-02-08
com.restlesscorp.restlessheroexclusive,RestlessHeroExclusive-PixelDungeonAdventure,198,RO,2019-02-08
com.beardedgiantgames.retrosail,RetroSail,199,RO,2019-02-08
com.arthobot.gravityfallsstickers,GravityFallsStickersWAStickerApps,200,RO,2019-02-08
com.marco.lastcolony.marco,LastColony,201,RO,2019-02-08
com.retrobox.fittile,FitTile,202,RO,2019-02-08
com.CASHIERGAMES.gamesimulation,ZAS-(ZombieApocalypseSimulator),203,RO,2019-02-08
com.LifeZero.SonarBeat,ソナービート「SonarBeat」,204,RO,2019-02-08
com.rfo.SharpHarp,SharpHarp,205,RO,2019-02-08
launcher.trixgod.com.megalauncherplus,MegaTVLauncherPlus,206,RO,2019-02-08
com.imago.partia3,Partia3,207,RO,2019-02-08
ru.gamedevteam.dungeon,TreasureDungeon-ActionRPG,208,RO,2019-02-08
com.appdev839.mat_4etvyrti,ПодсказалкаМатематика4.клас,209,RO,2019-02-08
com.jamspread.thellus,Thellus,210,RO,2019-02-08
metrohome.kustom.pack,MetroHomeforKLWP,211,RO,2019-02-08
com.wallpaper.nanatsunotaizai,NanatsuNoTaizaiWallpaper,212,RO,2019-02-08
fs.wmwatch.fsd113digital,D113DigitalWatchFaceForWatchMakerUsers,213,RO,2019-02-08
com.DeviousTech.MarbleLandGoogleVR,MarbleLandVR,214,RO,2019-02-08
com.candysoft.FishKingSVIP,エンジェルフィッシュ:SuperVIP,215,RO,2019-02-08
com.playspirit.cookinggamevr,ザ・クッキングゲームVR,216,RO,2019-02-08
kr.co.kgbr.numbers,민수기LS-상,217,RO,2019-02-08
com.rave.kustom.pack,KlwpRave,218,RO,2019-02-08
com.lidyaev.thedarkness,TheDarknessWatchFace,219,RO,2019-02-08
com.tahminpub,TahminPub-BankoKuponlar,220,RO,2019-02-08
com.bmi.evaluway,Evaluway,221,RO,2019-02-08
com.alkindi.swat.alkindi1,cityofzombie,222,RO,2019-02-08
com.IMBOOK_GAME.RunBallRunProf,RUNBALLRUNPRO,223,RO,2019-02-08
com.MenesIndi.HomePokerTimerPRO,HomePokerTimerPRO-Clock,224,RO,2019-02-08
com.lge.wsdeveloper.g7.black.mios,MIOSBlackThemeLGG7V35V40,225,RO,2019-02-08
dk.makeable.mv,MadensVerden,226,RO,2019-02-08
com.loftysky.shuyancomic,ShuyanSaga:ComicVol.1,227,RO,2019-02-08
com.hungryuf.chronolooppro,ChronoLoopPro,228,RO,2019-02-08
appinventor.ai_zeniffmario1.MISNOTAS,MISNOTAS,229,RO,2019-02-08
iddaa.banko.kuponlar,iddaabankokuponlar,230,RO,2019-02-08
drogas.criticas,DrogasCríticas,231,RO,2019-02-08
com.coastalimages.square_wood_dark,SquareWoodDarkIconPack,232,RO,2019-02-08
com.kotlincodes.whatsdeleted.adfree,WhatsDelete-ProAdFree,233,RO,2019-02-08
com.vallsoft.quizgame_premium,ПрофессионалыПремиум,234,RO,2019-02-08
facecamera.filter.photoeditor,"SweetSelfiePro-NoAds,UniqueFilter&Sticker",235,RO,2019-02-08
appinventor.ai_julioclementevilchis.CURIOSOSFONDOSDEPANTALLA,CURIOSOSFONDOSDEPANTALLA,236,RO,2019-02-08
com.romanitaspress.ordo2019,TraditionalOrdo2019,237,RO,2019-02-08
mag.com.test.headset.pro,Testbluetoothbattery&ringtonePRO,238,RO,2019-02-08
com.comissura.FurFlurryPremium,FurFlurry(Premium),239,RO,2019-02-08
com.cembaspinar.polarite,Polarite,240,RO,2019-02-08
com.wInstaPlusProFULL_8515018,InstaPlusProFULL,241,RO,2019-02-08
com.GreekGayming.CaRodeo,CaRodeo,242,RO,2019-02-08
com.mazimia.mobile.nurselectureroom,SimpleNursing,243,RO,2019-02-08
com.des.ksahampro,KalkulatorSahamPro,244,RO,2019-02-08
com.magnificat.magnificat.lenten2019,MagnificatLenten2019,245,RO,2019-02-08
com.accuracysoftware.highpowerwindlab_android,HighPowerWindLab,246,RO,2019-02-08
com.ElectroMission.lightingPro,Lightingcalculationspro,247,RO,2019-02-08
fuiv9.kustom.pack,FUIv9,248,RO,2019-02-08
com.apofiss.twentypounds,BigChubbyCat,249,RO,2019-02-08
com.mattiagarreffa.thetimemd,TheTimeMD,250,RO,2019-02-08
com.kimjisub.launchpad.theme.SiberSkinProLight,PeleparaUniPad-UniskinProLight,251,RO,2019-02-08
com.fxd.skihautegaspesie,SkiHaute-Gaspésie,252,RO,2019-02-08
appinventor.ai_zeniffmario1.CALCUMAGIC,CALCULADORAMAGICA,253,RO,2019-02-08
com.artseeapp,ARTSEE-ArtworkWallPreviews,254,RO,2019-02-08
concursonamao.pces_pro,PCES-PoliciaCivilEspiritoSanto,255,RO,2019-02-08
com.basha.Rich,IAMRICH,256,RO,2019-02-08
com.htftfixedmatches100badovip,HT/FTFixedMatches100%VIP,257,RO,2019-02-08
com.lge.wsdeveloper.oneui.black,OneUiBlackforG7V35V40,258,RO,2019-02-08
com.Solesbury.JumpBallJump,Jump!BallJump!,259,RO,2019-02-08
com.hanamarusha.muteall.pro,カメラ無音化MuteAll(Pro)　～標準カメラも無音化～,260,RO,2019-02-08
com.chapter2.witchtiti,WitchTiTi,261,RO,2019-02-08
com.cmroom.inheritancecalculator,คำนวณมรดก,262,RO,2019-02-08
com.artepi.fruitssweet,FruitsInvasion,263,RO,2019-02-08
morphrevolution.myapplication,MorphRevolution,264,RO,2019-02-08
com.arenaiddaa.arenatahminler,ArenaİddaaTahminleri,265,RO,2019-02-08
com.yuumamobile.GYSCTE,CTEGörevdeYükselme,266,RO,2019-02-08
com.king.tips2,KingTips,267,RO,2019-02-08
de.classintouch.basequation,basequation-Gleichungenumstellen,268,RO,2019-02-08
com.yurkap.permisdevanatoare,ChestionaredeVânătoare,269,RO,2019-02-08
uk.co.hantshypno.children,MindfulnessMeditationforChildren&Teenagers,270,RO,2019-02-08
jp.handsaid.shuhasucho_2019,周波数帳2019,271,RO,2019-02-08
com.mirwanda.nottiled,NotTiledTmxEditor,272,RO,2019-02-08
com.IvanKovalov.G30Android,G30-AMemoryMaze,273,RO,2019-02-08
com.sam.milky.mango,MilkyMangoIconsPack,274,RO,2019-02-08
com.tacnero.adv1,Tacnero,275,RO,2019-02-08
com.biopairs.rastreo,BioMagnetismo.,276,RO,2019-02-08
com.phorez.ben.stopsmoking.paid,SootexPRO:EasyWaytoQuitSmoking,277,RO,2019-02-08
com.smriti.learningpro,TablaLearningPro,278,RO,2019-02-08
com.asirix.AsirixEMS,EMSMacCloud,279,RO,2019-02-08
developers.esperto.antidogwhistlepro,アンチドッグホイッスルサウンド-停止吠えPro,280,RO,2019-02-08
com.Nom.nomnom,"Nomnom,gettingyougoodgrubnearby",281,RO,2019-02-08
com.kakao.talk.theme.doodle_squar,심플메모카카오톡테마,282,RO,2019-02-08
com.fermovian.pheccstudyaid,IrishPreHospitalHelper,283,RO,2019-02-08
com.palbros.colorPS.pro,colorPSPro,284,RO,2019-02-08
com.magicianin.unlocked,Unlocked,285,RO,2019-02-08
com.coolbytes.diamsme.full,Diam'sMe-FULLVersion,286,RO,2019-02-08
com.gluck.tsfnextadwsmartmulti.theme.goth.valentine,TSFNEXTADWSmartLAUNCHERGOTHVALENTINETHEME,287,RO,2019-02-08
com.harryapps.hieu.coating1fullexams1,CoatingInspector-1FullExams,288,RO,2019-02-08
appinventor.ai_geovanni_rekdoa.GEOGRAFIA_CEIAN,Geografía(CEIAN/UNAM),289,RO,2019-02-08
appinventor.ai_geovanni_rekdoa.QUIMICA_CEIAN,Química(CEIAN/UNAM),290,RO,2019-02-08
com.wPresetsPro_1111112,PresetsforLightroom-MobilePro,291,RO,2019-02-08
com.htftzidane.tips,HT/FTTipsbyZidane-HighWinRate,292,RO,2019-02-08
com.baranakco.supergrampro,SupergramPro-SuperAdvancedMessenger,293,RO,2019-02-08
com.New.university.barboura.HP.learning.self.ATI_Nursing,ATINursingAppforSelfLearning:Notes&Quizzes,294,RO,2019-02-08
io.kodular.leeyokeloong.YuXiaXie_CN_369_1y1y0L1y2e0L1y9j,鱼虾蟹掷骰子,295,RO,2019-02-08
com.davdavgames.maltistejjer,Malti-Stejjer,296,RO,2019-02-08
com.wElephantUPDATE_8468636,ElephantUPDATE,297,RO,2019-02-08
com.k0abe8b780e0,MiBSMMindfulnessTA-TrainingProgram,298,RO,2019-02-08
com.jtigernova.calc.novacalc,NOVACALC,299,RO,2019-02-08
com.iotalabs.whatsappmarvelstickers.pro,StickTime-MarvelStickersWAStickerApps(AdsFree),300,RO,2019-02-08
mj4pete.thetrapapp,TheTrapApp,301,RO,2019-02-08
com.Arkolve.Rollshot2,Rollshot-WorldWarPuzzle,302,RO,2019-02-08
com.reallyvision.realvisorx5,Chineseendoscope&USBcameraPROFESSIONAL(2019),303,RO,2019-02-08
com.iwebs.empowerachiever,BecomeAnEmpoweredAchiever,304,RO,2019-02-08
com.cat12.sniper,SniperShowdown,305,RO,2019-02-08
com.minerals.katerina.mins,MINS,306,RO,2019-02-08
com.kaito.vltk,HồiỨcVõLâm,307,RO,2019-02-08
custom.navbar.overlays,CustomNavbarOverlays[Substratum],308,RO,2019-02-08
com.pudov.logoped,АртикуляционнаягимнастикаЛогопедРазвитиеречи,309,RO,2019-02-08
com.FourAllSoftware.Nutricao,NutriçãocomCoração,310,RO,2019-02-08
com.ghostsq.commander.donate,GhostCommanderFileManager(donate),311,RO,2019-02-08
com.livephoto.live_wallpaper.colorfuledgescreenpro,ColorfulEdgeScreenLiveWallpaperPRO,312,RO,2019-02-08
appinventor.ai_julioclementevilchis.DIETAEFICAZ,LADIETAEFICAZ,313,RO,2019-02-08
appinventor.ai_julioclementevilchis.RUTINAEFICAZ,RUTINAEFICAZ,314,RO,2019-02-08
com.ygg.numberfivegvr,NUMBER5:OfflineModernGunSci-FiFPSGame,315,RO,2019-02-08
com.WNSApps.Enigmas,EnigmasBíblicosPRO,316,RO,2019-02-08
com.TerabiT.GoodChat,GoodChat,317,RO,2019-02-08
com.qtthemes.newyearpig29,Newyearpig29XperiaTheme,318,RO,2019-02-08
com.bikinaplikasi.oleholehstore,JatengStore,319,RO,2019-02-08
no.super24.richman,Richman(TheMostExpensiveApp),320,RO,2019-02-08
com.wSociateRuFULL_8536647,SociateRu-биржарекламыIПолныйфункционал+,321,RO,2019-02-08
com.goodbarber.thizztv,Thizz.tv,322,RO,2019-02-08
com.peakbettingtips.goalsvip,PeakBettingTipsGoalsVIP,323,RO,2019-02-08
solutions.risen.apps.brave_puppy,BravePuppy,324,RO,2019-02-08
evelyn.tv9,Evelyntv,325,RO,2019-02-08
com.mineonlinelaunch.gg54,MineBuildCraftSurvival|鉱山ビルドクラフト,326,RO,2019-02-08
com.NewChessEra.MorphyChessFull,Шахматноенаследие:СыграйкакМорфи.,327,RO,2019-02-08
jp.td.locationradiopro,位置ラジPro-全国コミュニティFMラジオアプリ,328,RO,2019-02-08
fuiv10.kustom.pack,FUIv10,329,RO,2019-02-08
com.fergusoncc.pipevolume,PipeVolumeCalculator,330,RO,2019-02-08
com.kingstalker.stb,KINGTVSTALKER,331,RO,2019-02-08
com.acs.forestwaterfall.pro,森の滝PROライブ壁紙,332,RO,2019-02-08
com.silversword_rpg.lootbox,LootboxRPG,333,RO,2019-02-08
pro.innovateengineering.gearheadoffroad,GearheadOffroad,334,RO,2019-02-08
com.timeshtamp.d0145_etteillado,TrainerofEteillaTarot,335,RO,2019-02-08
jmk32digital.wmwatch.viper70,VIPER70colorchangerwatchfaceforWatchMaker,336,RO,2019-02-08
com.wyverin.mentalasylum,MentalAsylum,337,RO,2019-02-08
com.qtthemes.newyearpig18,Newyearpig18XperiaTheme,338,RO,2019-02-08
com.AlulbaytHadiths.reading,AhlulbaytHadiths,339,RO,2019-02-08
com.powermedia.player,Powerpotplayerpro(noads),340,RO,2019-02-08
ru.vaamelin.ffconfig3,FFConfig3,341,RO,2019-02-08
photofilter.facecamera.snapchat,"SweetSnapPro-Sinpublicidad,filtroúnico",342,RO,2019-02-08
com.bgi.verofalso,VerooFalsoAghios,343,RO,2019-02-08
com.mobileunitsdev.areaclienti,AreaClientiperIliadPro,344,RO,2019-02-08
com.qtthemes.newyearpig24,Newyearpig24XperiaTheme,345,RO,2019-02-08
com.peakbettingtips.strongvip,PeakBettingTipsStrongVIP,346,RO,2019-02-08
com.craner.invaders,InvadersFromDimensionX!,347,RO,2019-02-08
com.pdagogie.epstarco,EPStarCO,348,RO,2019-02-08
com.uni.eduardkempinger.com.eduardkempinger.worldlotto01,UniversalLotto,349,RO,2019-02-08
com.serenityapps.nar,NarcoticsAnonymous,350,RO,2019-02-08
com.kitecomix.stickerapp,Kitecomixstickers,351,RO,2019-02-08
appinventor.ai_kglam88888.USS_pull_object_out_phone,MagicTrick7-PullObjectOutPhone,352,RO,2019-02-08
com.rollover.challenge,DaKingGameBettingTips,353,RO,2019-02-08
com.ubimob.soul.warriors.pay,SoulWarrior:SwordandMagic-RPGAdventure,354,RO,2019-02-08
gls.gls0203,BraveThief-ブレイブシーフ-,355,RO,2019-02-08
wi721soft.vegansticker,Let’sBeVeganEmojis,356,RO,2019-02-08
com.InkborneTales.WhenSilenceFell,WhenSilenceFell-ADarkInteractiveStory,357,RO,2019-02-08
com.WIL.EnglishWords,버블영어단어,358,RO,2019-02-08
com.qtthemes.newyearpig16,Newyearpig16XperiaTheme,359,RO,2019-02-08
com.aakkuuapps.megasharksPro,MegaSharksPro:SharkGames,360,RO,2019-02-08
ru.econordit.bichik.kuoregey,Күөрэгэй,361,RO,2019-02-08
com.crescentmoongames.galaxystack,GalaxyStack,362,RO,2019-02-08
com.informed.prvademecumbr19,PRVade-mécumBrasil2019,363,RO,2019-02-08
se.pastille.calmcell,CalmCards-Freecell,364,RO,2019-02-08
com.paullee.ghostexcursions,UKGhostExcursionsMap,365,RO,2019-02-08
jmk32digital.wmwatch.zshock24,ZSHOCK24colorchangerwatchfaceforWatchMaker,366,RO,2019-02-08
feniex4200pro.app,Feniex4200Pro,367,RO,2019-02-08
hyperdriveforklwp.pack,HyperdriveforKLWP,368,RO,2019-02-08
iandylan.megatemasrd.com.sxpnevado,Thema-SXPNevado,369,RO,2019-02-08
com.raiseeker.PuzzleRunner,SaveBraveDave:PuzzleRunner,370,RO,2019-02-08
com.companyname.StarWanderersVIP,StarWanderers+,371,RO,2019-02-08
com.livenewsnow.premium,LiveNewsNowPremium(Beta),372,RO,2019-02-08
com.jarsilio.android.waveup.peace,WaveUp✌,373,RO,2019-02-08
com.muzobonpro,МузыкальныйплеерMuzobonPro,374,RO,2019-02-08
tk.starfight.starfight,StarFight,375,RO,2019-02-08
com.acr.smashyslide,SmashSlide,376,RO,2019-02-08
com.appybuilder.adenterus.SKIN_PA700,SkinKorgPa700ForORG2019,377,RO,2019-02-08
com.nghiavua.happynewyear,Happynewyear-Xperiatheme,378,RO,2019-02-08
ru.example.gimkod,ПрограммированиеЧпу(CNC)GиМкоды,379,RO,2019-02-08
com.whitechapelheatmap,WhitechapelHeatmap,380,RO,2019-02-08
uk.co.wikijob.psychometric_reasoning_tests,PsychometricTests,381,RO,2019-02-08
voeaplicativos.terapiaocupacional,TerapeutaOcupacional:Concurso,382,RO,2019-02-08
com.eye_to_eye,Eye-to-I,383,RO,2019-02-08
com.cadesign.beautifulflower,BeautifulFlowerXperiaTheme,384,RO,2019-02-08
yacreates.yafi,YAFI-iconpack,385,RO,2019-02-08
com.fikirci.global.zen10.thanks,Zen10IconPack(Mods),386,RO,2019-02-08
com.krcstudio.ninjasticker,AnimeNinjaStickerPack,387,RO,2019-02-08
com.plowand.decpro,DrillingeCatalogPro-справочникдлябурения,388,RO,2019-02-08
com.bgi.copticalphabet,CopticAlphabetGame,389,RO,2019-02-08
com.adamgame.superboy7runadventure,SuperBoyRun,390,RO,2019-02-08
com.kandkdrums.kandkvirtualdrums,VirtualSteelTongueDrums,391,RO,2019-02-08
com.beelink.ratatam,RataTamPremium-withoutads,392,RO,2019-02-08
com.awnage.pediatricbpguide,PediatricBloodPressureGuide,393,RO,2019-02-08
com.rafaeldesouzapereira43.MAndS,Dicasemétodosdeemagracimento-M&SNutrição,394,RO,2019-02-08
com.wjgps,WarriorJoeGPS,395,RO,2019-02-08
com.pixelprophecy.cleanslate,CleanSlate,396,RO,2019-02-08
com.nabulsi,‫موسوعةالنابلسيللعلومالإسلامية‬‎,397,RO,2019-02-08
osamacz.osamamartykan.osamaforecastie,Weather,398,RO,2019-02-08
com.hubusoft.jewelrypopvip,JewelryPopVIP,399,RO,2019-02-08
com.advancetech03,AdvanceTechApp02,400,RO,2019-02-08
com.webkype.wallpaper,"WallSphere-HDWallpapers,4KBackgrounds",401,RO,2019-02-08
com.y.visualmedv2,Visualmed-ClinicalTrials,402,RO,2019-02-08
com.haveagrapefruit.grapefruit,Grapefruit,403,RO,2019-02-08
com.skui.loginscreen,VPNanonymousmessenger,404,RO,2019-02-08
com.abcapps.deviceinfo.paid,DeviceInfo(Ad-Free),405,RO,2019-02-08
com.ubisquid.makemoney,MakeMoneywithUbisquid,406,RO,2019-02-08
com.andromo.dev452918.app902291,CatholicChaplets2019,407,RO,2019-02-08
com.dimalegames.Balls_Draw_Line_PRO,PhysicsDrawLineBallDropPuzzlesBrainOnPro,408,RO,2019-02-08
com.haiderart.rootcheckerpro,RootCheck&InfoPro(NoAds),409,RO,2019-02-08
com.worlquizes.guessdccharacternoads,GuessDCCharactersPremiumEdition,410,RO,2019-02-08
com.buku.sembuhgerd,PanduanSembuhkanGERD,411,RO,2019-02-08
ro.a2ab.dexarsym.freakycrosswordssym6.pro,FreakyCrosswordsProsym.6,412,RO,2019-02-08
mobi.lodestargames.tetrisclassic1984noads,TetrisClassic1984-NoAds,413,RO,2019-02-08
com.MadGeniusGames.LifeIsPointless,LifeisPointless,414,RO,2019-02-08
com.qtthemes.newyearpig30,Newyearpig30XperiaTheme,415,RO,2019-02-08
com.arazukestudio.limpy,Limpy,416,RO,2019-02-08
com.ovulationcalendar.app,OvulationCalendar,417,RO,2019-02-08
com.platyfly.www.p3lotteryanalyzer,LotteryAnalyzerp3-Pick3ProbabilitySystem,418,RO,2019-02-08
com.gmail.towork2017.hjp1cs1,はじめるチェコ語,419,RO,2019-02-08
com.gmail.towork2017.hjp1sk1,はじめるスロバキア語,420,RO,2019-02-08
com.vkstarindustries.coinshop,Rahuriwala,421,RO,2019-02-08
com.ilkerkeles.guitarbook,GuitarBook,422,RO,2019-02-08
marco.com.organizefinancas.marco.organize_finanas,Organize-Finanças,423,RO,2019-02-08
com.rekongroup.hpt,RekonToolkit,424,RO,2019-02-08
kr.co.salesnet.simplelens.pro,SimpleMagnifier(ad-free),425,RO,2019-02-08
com.informed.prvademecumcl19,PRVademecumChile2019,426,RO,2019-02-08
uk.co.sykesoptimisation.questmath1,Quest-Maths1,427,RO,2019-02-08
com.AkoaDEV.SimpleBeamCalc,SimpleBeamCalculator(Steel),428,RO,2019-02-08
com.app_r1973.layout,CrossCalc,429,RO,2019-02-08
key.passe_full_fr,GestionnairedemotdepassesimpleKEYPASSE,430,RO,2019-02-08
com.gmail.towork2017.hjp1el1,はじめるギリシャ語,431,RO,2019-02-08
com.wDisneyQuiz_8517545,CastleQuiz,432,RO,2019-02-08
com.wallpaper.DcVsMarvel,MarvelVsDcWallpaper,433,RO,2019-02-08
com.testesespeciais.loja,TestesEspeciaisParaFisioterapia,434,RO,2019-02-08
com.qtthemes.newyearpig2,Newyearpig2XperiaTheme,435,RO,2019-02-08
voeapp.ingles,ProfessorInglês:Concurso,436,RO,2019-02-08
com.java.malik.javaprogramming,JavaProgrammingApp:LearnJava[CompilerPro],437,RO,2019-02-08
com.bikinaplikasi.adil97,SandraShopping-SupliersepatuwanitaMurah,438,RO,2019-02-08
com.wZapChatGospel_8511922,ZapChatGospel,439,RO,2019-02-08
com.spikerose.theme.happyeaster,HappyEasterLaunchertheme,440,RO,2019-02-08
fi.unpsjb.mebene.achudPRO,ActionCamHUDPRO,441,RO,2019-02-08
sistemadeinventarios.bismarkvargas.com.sistemadeinventarios.premium,SistemadeGestióndeInventariosPremium,442,RO,2019-02-08
com.appdev839.fizika_sedmi_klas,ПодсказалкаФизика7.клас,443,RO,2019-02-08
com.htftfixedmatches100vipdailyfixed,HT/FTFixedMatches100%VIP,444,RO,2019-02-08
com.jpryan.InfiniList,InfiniList,445,RO,2019-02-08
com.phorez.ben.clashrandom.pro,RoyaleRandomPRO:DeckGenerator-ClashRoyale™,446,RO,2019-02-08
appinventor.ai_geovanni_rekdoa.ESPANOL_CEIAN,Español(CEIAN/UNAM),447,RO,2019-02-08
appinventor.ai_geovanni_rekdoa.LITERATURA_CEIAN,Literatura(CEIAN/UNAM),448,RO,2019-02-08
appinventor.ai_geovanni_rekdoa.HISTORIAUNIVERSAL_CEIAN,HistoriaUniversal(CEIAN/UNAM),449,RO,2019-02-08
appinventor.ai_geovanni_rekdoa.HISTORIAMEXICO_CEIAN,HistoriadeMéxico(CEIAN/UNAM),450,RO,2019-02-08
com.wastickerapps.wasticker.sticker.emoji.lovely.bears.love,LovelyBearsinloveforWhatsApp-WAStickerApps,451,RO,2019-02-08
com.Isiflix.Slidingpuzzle,IsiflixSlicingPuzzle,452,RO,2019-02-08
com.bennord.jointed,Jointed（ジョインテッド）,453,RO,2019-02-08
com.mednieku.quiz,Medniekueksāmenatests,454,RO,2019-02-08
com.Neuralgame.vrgym2019,VR腹筋空間ZERO,455,RO,2019-02-08
appinventor.ai_geovanni_rekdoa.FISICA_CEIAN,Física(CEIAN/UNAM),456,RO,2019-02-08
appinventor.ai_geovanni_rekdoa.BIOLOGIA_CEIAN,Biología(CEIAN/UNAM),457,RO,2019-02-08
com.fastudios.dominoacessiveldoacao,DominóAcessívelDoação,458,RO,2019-02-08
vaibhav.tech.smartiptv.pro,SmartIPTVPro,459,RO,2019-02-08
com.irelia.cubbeliahmet,CübbeliAhmetHocaVideoOkTakipliKuran,460,RO,2019-02-08
com.IkerTranchand.ExperimentBallDeluxe,ExperimentBallDELUXE-RollaBall,461,RO,2019-02-08
com.jrj.loudsirenpro,大音量のサイレンの着信音+,462,RO,2019-02-08
com.CendaGames.VoxelFlyDaydream,VoxelFlyVR,463,RO,2019-02-08
engineer.dennis.gravit,GraviT,464,RO,2019-02-08
com.premium.mobile.app.water_treatment.prep2019.edition,WaterTreatmentExamPrep2019Edition,465,RO,2019-02-08
com.panagola.app.screentorchpro,ScreenTorchPro,466,RO,2019-02-08
com.ndiviapps.pdfconverter,FileandPDFConverter,467,RO,2019-02-08
com.ion.ionvpnpro,ionVPNPro-unlimited&150+locationVPN,468,RO,2019-02-08
com.itc_tt.itc_tt,고슴도치탁구강좌,469,RO,2019-02-08
com.wFloppySPIG_5500672,FloppySpig,470,RO,2019-02-08
com.zoytek.birth1,Hypnobirthing-MyBrilliantBirth,471,RO,2019-02-08
com.sam.grayish.brown,GrayishBrownIconsPack,472,RO,2019-02-08
com.serverless.sarathi,Sarathi,473,RO,2019-02-08
com.lato.vintageflower,VintageFlowerXperiaTheme,474,RO,2019-02-08
com.sttf.squadtiming,SquadTimingTrackandField,475,RO,2019-02-08
com.vicxandersoftware.truesymphonymusicplayerpremium,TrueSymphonyMusicPlayerPremium,476,RO,2019-02-08
de.lernenapp.leichterlesenlernen,LeichterLesenLernen,477,RO,2019-02-08
eu.electrotoile.habilitation.b2,HabilitationélectriqueB2,478,RO,2019-02-08
com.arytbk.pregnancywheel,PregnancyWheel,479,RO,2019-02-08
com.hnnrcat004.keyboard,TheBestSpiderKeyboard2019Premium,480,RO,2019-02-08
jp.or.kanken.shirikan.paid,いちまると旅しよう！　しりもじ漢検【広告無し】,481,RO,2019-02-08
com.fletchedlead.kuronikuru,KuruArchery,482,RO,2019-02-08
cal.porting.idea,IdealFour4StrokeIntakePortCalculato,483,RO,2019-02-08
dolly.hope.icons.circle,HopeIconPack(CIRCLE),484,RO,2019-02-08
com.mobincube.recete_defterim2.sc_DL5W5H,ReçeteDefteri7x24,485,RO,2019-02-08
air.com.littlebigplay.games.premium.onebyone,OneByOne-MultilingualWordSearch,486,RO,2019-02-08
com.recursive_dynamics.quickfar,QuickFAR,487,RO,2019-02-08
com.deepshikha.kikuyu,"LearnKikuyu:TheLanguage,CultureandHistory",488,RO,2019-02-08
de.flyingpotato.trio.pro,TrioMultiplayer,489,RO,2019-02-08
org.esheal.android.aspnetpremium,Exam70-486:ASP.NETMVCFlashcardsPremium,490,RO,2019-02-08
com.swat.alkindi.hamad,FightingCities,491,RO,2019-02-08
com.longint.lomagscanner.full,"Barcodes,Photos,GPSdatatoExcelLoMagInventory",492,RO,2019-02-08
com.marucompany.storybook,Hello!Storybook,493,RO,2019-02-08
com.optiflow,Optiflow,494,RO,2019-02-08
com.dynastytechs.chesscoachpro,ChessCoachPro,495,RO,2019-02-08
com.funrob.colorsoftheworld,ColorsoftheWorld,496,RO,2019-02-08
com.faizan.urdu.pedia786,UrduPedia-TheWorld'sBestUrduLearningApp,497,RO,2019-02-08
me.xdesignteam.iconpack.business_gold,BusinessGoldIconPack,498,RO,2019-02-08
com.undercoverdesigns.randomizer,Randomizer,499,RO,2019-02-08
com.cadesign.skylights,SkyLightsXperiaTheme,500,RO,2019-02-08
mobi.infolife.ezweather.widget.weather.location.app.roi.pro,AccurateWeatherReportPro,501,RO,2019-02-08
scott.william.motorforms,VFDRFQForms,502,RO,2019-02-08
com.funrob.fiveinarowhexagon,FiveinaRowHexagon-TicTacToe,503,RO,2019-02-08
air.com.littlebigplay.premium.games.rectangles,RectanglesPRO,504,RO,2019-02-08
kz.proffix4.book.bible144,БИБЛИЯ144ГОДА,505,RO,2019-02-08
com.bergin_it.gpsattitude,GPSAttitude,506,RO,2019-02-08
com.sportsvipbettingtips,SportsBettingTips,507,RO,2019-02-08
com.thegosa.goldandblack,Gold&BlackIconPack9010+icons,508,RO,2019-02-08
com.wGIREEGANHEDINHEIRO_8440538,GIREEGANHEDINHEIRODEVERDADE,509,RO,2019-02-08
darkkwgtwidgets.kustom.pack,DarkKWGTWidgetPack,510,RO,2019-02-08
com.synthkorea.rolandd50,로랜드D50패처프로,511,RO,2019-02-08
com.OpticalDelusionEntertainment.CalculaserFull,CalcuLASERMathGame,512,RO,2019-02-08
com.desarrollos_id.calcgear_pro,CalcGear_pro,513,RO,2019-02-08
ragdoll.warriors.fighting.stickman,RagdollWarrior:ZombieWar-LastDayofEarth,514,RO,2019-02-08
org.alca.projects.hymnsandsongsapp,HymnsandSongsofZion,515,RO,2019-02-08
com.oceanhouse_media.ocardsbafaerytale_app,FaerytaleOracle-LucyCavendish,516,RO,2019-02-08
ir.samy_co.onscreenenlargmentfloatbutton,Onscreenenlargement+floatbutton,517,RO,2019-02-08
com.absolutepitch.trustycamera,TrustyCamera,518,RO,2019-02-08
com.webkype.generalquiz,2624Quiz-KnowledgeBoosterGame,519,RO,2019-02-08
zetema.capitolini.ett.it,MuseiCapitolini,520,RO,2019-02-08
com.ruet_cse_1503050.ragib.storageorganizer,StorageOrganizer,521,RO,2019-02-08
com.debeelop.teoricbombers,TeòricBombers-TestConeixementsGeneralitat,522,RO,2019-02-08
com.apkzube.learnpythonpro,LearnPythonProgrammingPro,523,RO,2019-02-08
com.bergin_it.gpsscatterplot,GPSScatterPlot,524,RO,2019-02-08
com.phonegap.sarria115kmsantiago,Sarria115kaSantiagodeCompostela,525,RO,2019-02-08
com.qtthemes.newyearpig25,Newyearpig25XperiaTheme,526,RO,2019-02-08
maticesforkwgt.kustom.pack,MaticesForKwgt,527,RO,2019-02-08
br.com.concursoprepara.defensoriapublicadoestadodoriodejaneirodperjtecnicomediodedefensoriapublica2019pro,[PRO]DPERJTECNICOMEDIO2019,528,RO,2019-02-08
com.rmg.galaxymerge.pro,MergeBattlePlane-Idle&ClickTycoonPRO,529,RO,2019-02-08
rammor.wmwatch.VelvetKnight,VelvetKnight,530,RO,2019-02-08
com.candysoft.HAHWSVIP,双子の魔王:SuperVIP,531,RO,2019-02-08
com.faqir.apps.awradefaqir,Awrad-e-Faqir,532,RO,2019-02-08
com.rednew.pilgrimage1,APeregrinaçãoI,533,RO,2019-02-08
com.gramaker.wnaqgs.gp,咕揪！文鳥戀愛物語,534,RO,2019-02-08
isl.mg.flashtext.flashtext,Flashtext,535,RO,2019-02-08
com.whass.App,WhassApp,536,RO,2019-02-08
com.visionborne.stickylove,LoveSticky,537,RO,2019-02-08
com.platyfly.www.p4lotteryanalyzer,LotteryAnalyzerp4-Pick4ProbabilitySystem,538,RO,2019-02-08
com.frostk.airpods,에어팟(airpod)배터리위젯,539,RO,2019-02-08
com.bikinaplikasi.purwanto95,LAPAKONLINE95,540,RO,2019-02-08
