app_id,app_name,rank,country_code,date
com.gamania.lineagem,天堂M,1,TW,2018-05-11
game.xin.hd.g,星城Online,2,TW,2018-05-11
tw.txwy.and.qrzd,永遠的7日之都,3,TW,2018-05-11
com.more.laozi,老子有錢-麻將、德州撲克、老虎機、百家樂,4,TW,2018-05-11
jp.naver.line.android,LINE（ライン）-無料通話・メールアプリ,5,TW,2018-05-11
com.garena.game.kgtw,Garena傳說對決-ArenaofValor,6,TW,2018-05-11
com.netmarble.revolutionthm,Lineage2Revolution,7,TW,2018-05-11
com.machipopo.media17,17Live（イチナナ）-ライブ配信アプリ,8,TW,2018-05-11
com.gravity.ro.and,RO仙境傳說：守護永恆的愛,9,TW,2018-05-11
com.miHoYo.bh3tw,崩壊3rd,10,TW,2018-05-11
com.userjoy.LetsVegasSlots,Let'sVegasSlots,11,TW,2018-05-11
com.szckhd.jwgly.azfanti,叫我官老爺-原創當官手游,12,TW,2018-05-11
com.lang.lang,浪Live娛樂實況全民問答遊戲直播平台,13,TW,2018-05-11
com.rayark.sdorica,Sdorica(スドリカ),14,TW,2018-05-11
com.dinogame.gplay.mmorpg.mu.mobile,奇蹟MU：覺醒-2018華麗革新MMORPG,15,TW,2018-05-11
com.igg.android.lordsmobile,ロードモバイル【本格リアルタイムストラテジーMMORPG】,16,TW,2018-05-11
com.gm99.dtsh5,奇蹟MU：大天使之劍H5,17,TW,2018-05-11
com.hcg.cok.gp,クラッシュオブキングス-「城育成シミュレーションRPG」,18,TW,2018-05-11
com.xiaomeng.fategrandorder,Fate/GrandOrder,19,TW,2018-05-11
com.nianticlabs.pokemongo,PokémonGO,20,TW,2018-05-11
com.king.candycrushsaga,キャンディークラッシュ,21,TW,2018-05-11
com.eyougame.smzg,守護:宿命星光,22,TW,2018-05-11
com.a.one.bz,玲瓏訣,23,TW,2018-05-11
com.a.one.pll,崑崙墟,24,TW,2018-05-11
com.bbgame.sgzapk.tw,新三國志手機版-光榮特庫摩授權,25,TW,2018-05-11
com.yygames.ggplay.lzgtw,龍之谷M,26,TW,2018-05-11
air.tw.com.bonuswinner.bwmj16tw,"宅神爺麻將、拉霸、撲克(德撲,13支,大老2,接龍)、黃金馬",27,TW,2018-05-11
com.madhead.tos.zh,神魔之塔,28,TW,2018-05-11
com.godgame.mj.android,麻將神來也16張麻將,29,TW,2018-05-11
com.jedigames.ztsgnew.googleplay,正統三國-經營策略國戰手遊創新自由戰鬥,30,TW,2018-05-11
com.linecorp.LGBB2,LINEバブル2,31,TW,2018-05-11
com.netmarble.mherosgb,マーベル・フューチャーファイト,32,TW,2018-05-11
com.igs.TMD,滿貫大亨-金旺錢來賀新年,33,TW,2018-05-11
com.google.android.apps.docs,Googleドライブ,34,TW,2018-05-11
com.gonline.AppBravoCasino,BravoCasino,35,TW,2018-05-11
tw.com.szn.lyb,瑯琊榜3D-風起長林,36,TW,2018-05-11
com.fingerfun.sango.sega,三國志大戰M—SEGA正版授權,37,TW,2018-05-11
com.netease.g78na.tw,決戰！平安京,38,TW,2018-05-11
com.gametaiwan.csj,長生訣,39,TW,2018-05-11
com.efun.twszqy,食之契約,40,TW,2018-05-11
tw.txwy.and.snqx,少女前線Girls'Frontline,41,TW,2018-05-11
com.empress,熹妃傳-第一部可以玩的宮鬥小說,42,TW,2018-05-11
com.game168.gameofmafia,黑道風雲：老大你來做,43,TW,2018-05-11
com.heyyogame.gd,一個官人七個妻,44,TW,2018-05-11
com.playhit.our.kof,拳皇98終極之戰OL,45,TW,2018-05-11
com.igs.mjstar31,明星3缺1－花開富貴版,46,TW,2018-05-11
com.gm99.mjtw,創世破曉,47,TW,2018-05-11
com.szn.jz,九州天空城3D--御戰天魂,48,TW,2018-05-11
com.userjoy.rte,三國群英傳－霸王之業,49,TW,2018-05-11
com.sayyo.huga,HUGASlots野蠻世界老虎機,50,TW,2018-05-11
com.netease.hyxdtw,荒野行動-KnivesOut,51,TW,2018-05-11
com.onmyoji.hmt2,陰陽師Onmyoji-和風幻想RPG,52,TW,2018-05-11
com.com2us.ninepb3d.normal.freefull.google.global.android.common,MLB：9イニングス18,53,TW,2018-05-11
com.heartsnet.sgqh.gp,神鬼奇航M,54,TW,2018-05-11
com.goodluck777.panther,金好運娛樂城-遊藝場實體機台正版授權,55,TW,2018-05-11
com.gm99.qyj,青雲訣：掛機也要陪著你,56,TW,2018-05-11
com.indie.jzx.ft,九州俠影錄：經典武俠作品改編,57,TW,2018-05-11
com.epicactiononline.ffxv.ane,ファイナルファンタジー15:新たなる王国(FinalFantasyXV),58,TW,2018-05-11
tw.com.iwplay.luthiel,ALAZ天翼之戰,59,TW,2018-05-11
com.jedigames.p20.googleplay,我が天下【世界配信一周年】,60,TW,2018-05-11
com.digitalsky.sgz2.sea,策三國：全球共服開戰零時差,61,TW,2018-05-11
com.eyougame.xljx,聖靈召喚師,62,TW,2018-05-11
com.garena.game.tltw,天龍八部-大俠哩來,63,TW,2018-05-11
com.droidhang.ad,IdleHeroes-無料放置育成RPG,64,TW,2018-05-11
chat.meme.inke,MeMeLive－LiveStreamVideoChat&MakeFriends,65,TW,2018-05-11
com.a.one.ss,紫青雙劍,66,TW,2018-05-11
com.icantw.wings,狂暴之翼-一級求生，無所不狂,67,TW,2018-05-11
tw.com.me2.lunam.android.gamebar,Lunaonline手遊版-正宗LunaOnline授權,68,TW,2018-05-11
com.netmarble.fishingstg,フィッシングストライク,69,TW,2018-05-11
com.skysoft.kkbox.android,KKBOX-1ヶ月無料音楽聞き放題アプリ,70,TW,2018-05-11
com.shennu.gptw,聖戒:愛神覺醒-全球婚戀版本驚艷上線,71,TW,2018-05-11
com.supercell.clashroyale,クラッシュ・ロワイヤル(ClashRoyale),72,TW,2018-05-11
com.idplay.hoye.yingfeng,影風傳,73,TW,2018-05-11
com.tc.lzqdg,大清攝政王-原創大清宮廷宮鬥劇情，經典模擬經營當官手遊,74,TW,2018-05-11
com.camelgames.superking,WarandOrder,75,TW,2018-05-11
com.nintendo.zaba,ファイアーエムブレムヒーローズ,76,TW,2018-05-11
com.nexon.dynastywarriors,DynastyWarriors:Unleashed,77,TW,2018-05-11
com.haiwaizj.transitionv,外緣,78,TW,2018-05-11
com.playrix.gardenscapes,ガーデンスケイプ(Gardenscapes),79,TW,2018-05-11
com.overseas.daqing1,我在大清當皇帝,80,TW,2018-05-11
com.asiainno.uplive,Uplive（アップライブ）—無料でライブ動画視聴&配信,81,TW,2018-05-11
com.godgame.texasholdem.android,德州撲克神來也德州撲克(TexasPoker),82,TW,2018-05-11
com.bandainamcoent.saomdas,刀劍神域一記憶重組,83,TW,2018-05-11
com.davis.justdating,JustDating-登録無料出会い系アプリ,84,TW,2018-05-11
com.gamedreamer.fyhk,風雲Ⅱ-正版授權風雲再現,85,TW,2018-05-11
com.gamepanda.ST,蒼天英雄誌-武將突破攻城掠地,86,TW,2018-05-11
com.kimi.ggplay.qjmutw,奇蹟MU：送大天使,87,TW,2018-05-11
com.com2us.smon.normal.freefull.google.kr.android.common,サマナーズウォー:SkyArena,88,TW,2018-05-11
tw.wonderplanet.CrashFever,CrashFever：色珠消除RPG遊戲,89,TW,2018-05-11
com.gamedreamer.chtw,彩虹島W：異界開啟，魔王降臨！,90,TW,2018-05-11
com.linecorp.LGGRTW,LINE旅遊大亨,91,TW,2018-05-11
com.igs.fafafa,GoldenHoYeahSlots-RealCasinoSlots,92,TW,2018-05-11
jp.co.atm.vcon.ww,VALKYRIECONNECT,93,TW,2018-05-11
com.longtech.lastwars.gp,LastEmpire–WarZゾンビサバイバル,94,TW,2018-05-11
tw.com.iwplay.zx,誅仙,95,TW,2018-05-11
com.enjoygame.jwstw,極無雙:覺醒-兄弟聚首覺醒回歸,96,TW,2018-05-11
com.digipixie.piggy.gplay,豬來了-莊園日記,97,TW,2018-05-11
com.gamedreamer.sdtw,射鵰英雄傳2017-全新改版萌寵現蹤,98,TW,2018-05-11
com.gametaiwan.jiangdan,將膽,99,TW,2018-05-11
com.linecorp.LGFARM,LINEブラウンファーム,100,TW,2018-05-11
com.wsy.google.hk.wansuiye,叫我萬歲爺——皇帝宮廷養成手遊,101,TW,2018-05-11
com.funplus.kingofavalon,キング・オブ・アバロン:ドラゴン戦争(KoA),102,TW,2018-05-11
com.GF.apcgtwtw.hwyad.google,熹妃Q傳,103,TW,2018-05-11
com.king.candycrushsodasaga,キャンディークラッシュソーダ,104,TW,2018-05-11
com.huuuge.casino.texas,ビリオネアカジノ™オンラインカジノスロット、世界で1000万人が遊ぶ本格オンラインカジノゲーム,105,TW,2018-05-11
com.memoriki.fullhousecasino,フルハウスカジノ～無料ラスベガスカジノ＆スロット～,106,TW,2018-05-11
com.g5e.hiddencity.android,HiddenCity:アイテム探しアドベンチャー,107,TW,2018-05-11
com.iclock.csxy,超神學院,108,TW,2018-05-11
com.dkgame.gplay.crisisactiontw,全民槍戰:生存競技,109,TW,2018-05-11
net.gamon.ksTW,黑騎士與白魔王,110,TW,2018-05-11
reigns.card.tale.monster.go,叫我大魔王—無厘頭亂鬥卡牌RPG回合制手遊,111,TW,2018-05-11
com.igg.castleclash_tw,城堡爭霸,112,TW,2018-05-11
com.eskyfun.zxjs,擇仙記,113,TW,2018-05-11
com.linecorp.LGWPMT,LINEウパルランド,114,TW,2018-05-11
jp.co.mixi.monsterstrikeTW,怪物彈珠-RPG手機遊戲,115,TW,2018-05-11
com.bigbull.tdsgtw,塔防三國志：群英齊聚重溫經典,116,TW,2018-05-11
com.happyelements.happyfish,ハッピーフィッシュ：ドリームアクアリウム,117,TW,2018-05-11
com.huuuge.casino.slots,Huuugeカジノ™オンラインスロット、世界で1000万人が遊ぶラスベガスSlotsとカジノゲーム,118,TW,2018-05-11
com.netmarbleasia.nikkitw,奇迹暖暖,119,TW,2018-05-11
com.playground.palol.g,仙劍M,120,TW,2018-05-11
com.sweetringplus.android,出会える婚活・恋愛アプリSweetRing(スイートリング),121,TW,2018-05-11
com.linecorp.LGRGS,LINEレンジャー,122,TW,2018-05-11
com.GF.palacem3tw.hwyad.google,京門風月,123,TW,2018-05-11
com.sanguozhirpg.fungames.a800145,三國志·趙雲傳奇-放置類掛機遊戲,124,TW,2018-05-11
com.playrix.township,タウンシップ(Township),125,TW,2018-05-11
com.LTGames.DungeonSurvivor2,DungeonSurvivorII,126,TW,2018-05-11
com.kiyu.ssss,三生三世十里桃花3D正版手遊,127,TW,2018-05-11
com.pokercity.bydrqp.googleplay,捕魚達人-大型機台打魚完美移植,128,TW,2018-05-11
com.playrix.homescapes,ホームスケイプ(Homescapes),129,TW,2018-05-11
com.Tonwa.Cash7,錢街Online-老虎機、麻將、百家樂,130,TW,2018-05-11
com.ipart.android,iPair-出会い、チャット、デート,131,TW,2018-05-11
com.herogame.gplay.streetballtw,街頭籃球:FreestyleⅡ自由籃球正版授權,132,TW,2018-05-11
com.dyhd.slg01.pgangtai,戰艦戰爭：太平洋,133,TW,2018-05-11
com.cygames.Shadowverse,ShadowverseCCG,134,TW,2018-05-11
com.game.beans.sog,封神召喚師-超神氣卡牌手遊,135,TW,2018-05-11
jp.co.ponos.battlecatstw,貓咪大戰爭,136,TW,2018-05-11
com.devsisters.gb,クッキーラン:オーブンブレイク,137,TW,2018-05-11
com.ltgame.rxjh.tw,熱血江湖-花亭望月，醉仙狂歌,138,TW,2018-05-11
tw.com.iwplay.ff,FINALFANTASY最終幻想：覺醒,139,TW,2018-05-11
com.supercell.clashofclans,クラッシュ・オブ・クラン(ClashofClans),140,TW,2018-05-11
jp.konami.duellinks,遊戯王デュエルリンクス,141,TW,2018-05-11
com.square_enix.android_googleplay.FFBEWW,FINALFANTASYBRAVEEXVIUS,142,TW,2018-05-11
com.eyougame.wsjs,無雙劍士,143,TW,2018-05-11
com.special.warship,戦艦ファイナル-最後の戦い（最後の海戦を舞台にしたSLGの最高傑作）,144,TW,2018-05-11
com.blizzard.wtcg.hearthstone,ハースストーン(Hearthstone),145,TW,2018-05-11
com.linecorp.LGTMTMG,LINE:DisneyTsumTsum,146,TW,2018-05-11
com.cmcm.live,Live.me(ライブミー)–動画ライブ配信・生放送SNS,147,TW,2018-05-11
com.netease.gmzztw.google,光明之戰-史詩級3D魔幻MMORPG,148,TW,2018-05-11
com.sega.hortensiasaga.tw,HortensiaSaga蒼之騎士團,149,TW,2018-05-11
com.linecorp.LGPTT,LINEパズルタンタン,150,TW,2018-05-11
com.boyaa.androidmarket,博雅德州撲克texaspokerBoyaa,151,TW,2018-05-11
com.pixonic.wwr,WarRobots,152,TW,2018-05-11
com.playhit.heroes3.tw,魔法門之英雄無敵,153,TW,2018-05-11
com.igs.goldentigerslots,ゴールデンタイガースロット,154,TW,2018-05-11
com.chaozh.iReader,掌阅iReader,155,TW,2018-05-11
com.gm99.dod,鎮魔曲,156,TW,2018-05-11
com.blhd.tw,君行天下-全新系統神兵俠客,157,TW,2018-05-11
com.gamevilusa.mlbpilive.android.google.global.normal,MLBパーフェクトイニング2018,158,TW,2018-05-11
com.Heyworks.PocketTroopsVK,ポケットトループ:ミニアーミー,159,TW,2018-05-11
com.diandian.gog,ガンズ・オブ・グローリー(GunsofGlory),160,TW,2018-05-11
com.wanda.jslm,軍師聯盟,161,TW,2018-05-11
tw.com.joybomb.pi2017,棒球殿堂,162,TW,2018-05-11
com.lemongame.tw.dota,小冰冰傳奇,163,TW,2018-05-11
com.talkingbar.android,SofaTalk-ChatWhenever,164,TW,2018-05-11
com.ekkorr.endlessfrontier.global,エンドレスフロンティア,165,TW,2018-05-11
rc.letshow.ui,RC-有趣的直播社區,166,TW,2018-05-11
com.gm99.divine,神無月-淡墨櫻裝佛風來,167,TW,2018-05-11
tw.com.capcom.android.mhxr,魔物獵人EXPLORE_MHXR,168,TW,2018-05-11
com.bandainamcoent.saoifww,SwordArtOnline:IntegralFactor,169,TW,2018-05-11
com.quhugame.yzband.tw,試煉之門,170,TW,2018-05-11
com.changdu.stories,暢讀書城-小說閱讀器送免費看書禮券,171,TW,2018-05-11
com.gamebeans.lr.tw,將星之演武,172,TW,2018-05-11
com.more.dayzsurvival.gp,LastShelter:Survival,173,TW,2018-05-11
com.qiqukan.app,奇趣刊-都市网络小说下载阅读器,174,TW,2018-05-11
com.enjoygame.lntw,LunaM(首部曲):與啾咪少女一起戀愛派對,175,TW,2018-05-11
tw.com.iwplay.sd,射鵰英雄傳3D,176,TW,2018-05-11
com.zynga.livepoker,Zyngaポーカー,177,TW,2018-05-11
com.hts.ams,アーミーメン・ストライク－ArmyMenStrike,178,TW,2018-05-11
com.baplay.qnm,倩女幽魂-尋影向日邊，凝墨水含烟,179,TW,2018-05-11
com.moonton.magicrush,マジックラッシュ(MagicRush:Heroes),180,TW,2018-05-11
com.softstargames.mpal5,仙劍奇俠傳5-手遊版,181,TW,2018-05-11
com.wegames.pilicb.and,霹靂江湖－天競鏖鋒,182,TW,2018-05-11
com.game168.acdemygo,我的學妹不可能那麼萌：清涼一夏,183,TW,2018-05-11
com.cwj.hsing,歡歌-K歌達人最愛的視訊唱歌包廂交友軟體,184,TW,2018-05-11
com.gamevil.fishing.global,フィッシングスーパースターズ：シーズン5,185,TW,2018-05-11
com.tap4fun.brutalage_test,BrutalAge:HordeInvasion,186,TW,2018-05-11
com.acfantastic.moreinlive,貓印直播-華人線上Live視頻直播聊天軟體,187,TW,2018-05-11
com.gamedreamer.tw.newstzbtw,率土之濱-貳週年,188,TW,2018-05-11
com.bandainamcoent.seiyazbtw,聖鬥士星矢小宇宙幻想傳,189,TW,2018-05-11
jp.eure.android.pairs_tw,交友APP遇見真愛：Pairs派愛族-單身配對未婚交男女朋友,190,TW,2018-05-11
tw.sonet.wcp,白貓Project,191,TW,2018-05-11
com.idplay.xingluo.heian,黑暗的遠征,192,TW,2018-05-11
jp.co.cybird.appli.android.als.tw,美男革命-愛麗絲與戀之魔法,193,TW,2018-05-11
com.dts.freefireth,フリーファイア,194,TW,2018-05-11
com.longyou.changwutuan.tw,唱舞全明星,195,TW,2018-05-11
com.mobile.legends,モバイル·レジェンド:BangBang,196,TW,2018-05-11
com.yilegame.mshztw.android,噬魂者-全民瘋玩本格派動作手遊,197,TW,2018-05-11
com.gamedreamer.lmtwx,蒼空之刃-韓國團隊傾力打造,198,TW,2018-05-11
com.gameloft.android.ANMP.GloftGHHM,マーチオブエンパイア-領土戦争,199,TW,2018-05-11
air.net.catchnet,抓寶網,200,TW,2018-05-11
com.bse.bigshop,大戰艦,201,TW,2018-05-11
tw.sonet.bgh,戰鬥女子學園,202,TW,2018-05-11
com.playrix.fishdomdd.gplay,フィッシュダム(Fishdom),203,TW,2018-05-11
com.Isgame.ikemensgk2016,美男戰國-穿越時空之戀,204,TW,2018-05-11
com.idplay.shxw.lingyu2,妳與江湖,205,TW,2018-05-11
com.uit.tbs,土撥鼠老虎機-大型機台老虎機、角子機、各式Slots、麻將、德州撲克、百家樂、黑豹、川劇、貂蟬,206,TW,2018-05-11
com.weyou.antempire,蟲蟲帝國,207,TW,2018-05-11
com.netflix.mediaclient,Netflix,208,TW,2018-05-11
com.eyougame.njcq,問劍蒼穹,209,TW,2018-05-11
com.stac.empire.main,AgeofWarringEmpire,210,TW,2018-05-11
com.gamevil.dragonblaze1.android.google.global.normal,ドラゴンスラッシュ,211,TW,2018-05-11
com.jellyblast.cmcm,JellipopMatch:FormerlyJellyBlastMatch3Game,212,TW,2018-05-11
avidly.fishing.free.buyu,全民捕魚3D-經典街機水族箱捕魚機，電玩達人首選,213,TW,2018-05-11
com.efun.jxqy.tw,新劍俠情緣手機版2018,214,TW,2018-05-11
com.nexon.caocao.taiwan,三國志曹操傳Online,215,TW,2018-05-11
com.stove.chaosmasters.google,ChaosMasters,216,TW,2018-05-11
com.tw.ankkkwanzzsk.apken,絕地戰線,217,TW,2018-05-11
com.gravity.ror.and,RO仙境傳說：復興,218,TW,2018-05-11
com.twohands.lod,LordofDungeons,219,TW,2018-05-11
com.nexon.hit.global,HIT,220,TW,2018-05-11
com.gamehivecorp.taptitans2,TapTitans2,221,TW,2018-05-11
jp.naver.lineplay.android,LINEプレイ-世界中の友だちと楽しむアバターライフ,222,TW,2018-05-11
com.Gonet.DRMGame45,麻將多樂米娛樂城德撲紙牌多款機台SLOT任你玩!,223,TW,2018-05-11
com.playdemic.golf.android,ゴルフクラッシュ,224,TW,2018-05-11
hk.com.funtown.aka,在茜色世界與君詠唱,225,TW,2018-05-11
tw.deep.love,溫馨,226,TW,2018-05-11
com.paktor,Paktorパクトル：新しい友達を作ろう,227,TW,2018-05-11
com.perplelab.dragonvillagem.kr,ドラゴンRPG-ドラゴンビレッジM,228,TW,2018-05-11
com.happyelements.clover.global,SummerPop,229,TW,2018-05-11
com.linecorp.LGPKPK,LINEポコポコ,230,TW,2018-05-11
com.and.riseofthekings,RiseoftheKings,231,TW,2018-05-11
com.asobimo.toramonline,トーラムオンライン自由を謳歌する正統派MMORPG,232,TW,2018-05-11
com.rovio.baba,アングリーバード2(AngryBirds2),233,TW,2018-05-11
com.talent.prime,至尊娛樂城-視訊百家樂、拉霸、老虎機、麻將、德州撲克、小瑪莉,234,TW,2018-05-11
com.tinder,Tinder,235,TW,2018-05-11
com.eyougame.ahqy,暗黑起源,236,TW,2018-05-11
com.yottagames.stoneage,"SurvivalMobile:10,000BC",237,TW,2018-05-11
com.com2us.chains.normal.freefull.google.global.android.common,チェーンストライク(ChainStrike),238,TW,2018-05-11
com.netmarble.stoneage,StoneAgeBegins,239,TW,2018-05-11
com.bandainamcogames.dbzdokkanww,DRAGONBALLZDOKKANBATTLE,240,TW,2018-05-11
com.godgame.bigtwo.android,大老二神來也大老2(Big2),241,TW,2018-05-11
cn.orangelab.werewolf,终极狼人杀-玩小游戏吧,242,TW,2018-05-11
com.happyelements.estars.twgoogle,偶像夢幻祭,243,TW,2018-05-11
com.klab.captain283.global,CaptainTsubasa:DreamTeam,244,TW,2018-05-11
com.nhnent.SKQUEST,クルセイダークエスト,245,TW,2018-05-11
com.icantw.ss,少年三國志：天下大戰,246,TW,2018-05-11
com.tuo3.hjdt.gl.xa.tc,MetalSlugOnline-越南大戰,247,TW,2018-05-11
com.feelingtouch.idl,EpicSummoners:バトルヒーロー戦士-アクションRPG,248,TW,2018-05-11
com.kabam.marvelbattle,MARVELオールスターバトル,249,TW,2018-05-11
com.azarlive.android,Azar-ビデオチャット、友達検索,250,TW,2018-05-11
tw.com.iwplay.sdsxs,聖鬥士星矢3D,251,TW,2018-05-11
com.qiyi.video,愛奇藝(手機專用)－電視劇電影綜藝動漫影音線上看,252,TW,2018-05-11
com.supercell.hayday,ヘイ・デイ(HayDay),253,TW,2018-05-11
com.diandian.valiantforce,ValiantForce,254,TW,2018-05-11
com.xlegend.ff.tw,幻想神域-啟源女神,255,TW,2018-05-11
net.gamon.dqmslTW,勇者鬥惡龍怪物仙境SUPERLIGHT,256,TW,2018-05-11
com.ea.game.nfs14_row,ニード・フォー・スピードNLレーシング,257,TW,2018-05-11
com.popfox.lords,老子當官惹,258,TW,2018-05-11
tw.com.iwplay.yitian,倚天屠龍記,259,TW,2018-05-11
com.icantw.dt,大唐無双-唯一真國戰MMO動作手遊,260,TW,2018-05-11
com.netmarble.sknightsgb,SevenKnights,261,TW,2018-05-11
com.safe.lzftzf1,SafePay,262,TW,2018-05-11
com.playhit.sh.tw,神話永恆：明禎暗黑甦醒魔幻坐騎登場,263,TW,2018-05-11
zombie.survival.craft.z,LastDayonEarth:Survival,264,TW,2018-05-11
com.huoyugame.ryz,鳳凰心計-純愛系後宮養成手遊,265,TW,2018-05-11
com.linecorp.LGOPTW,LINE:ONEPIECE秘寶尋航,266,TW,2018-05-11
tw.comico,comico免費全彩漫畫,267,TW,2018-05-11
com.starpy.mthxtw,新魔塔守護者,268,TW,2018-05-11
com.kimi.ggplay.xwtw,希望：新世界,269,TW,2018-05-11
tw.sonet.kamuraitribe,神式一閃頂上決戰,270,TW,2018-05-11
com.aceproject.cpbl.google.dist,職棒總教頭,271,TW,2018-05-11
com.ysr.yoogame,部落契約,272,TW,2018-05-11
com.ilike.payment,漫畫人支付,273,TW,2018-05-11
com.productmadness.hovmobile,HeartofVegas:オンラインカジノスロットアプリ,274,TW,2018-05-11
us.com.gamekini.odins,12奧丁-本格日式RPG，百萬下載突破,275,TW,2018-05-11
com.xlegend.ar.tw,星界-王冠,276,TW,2018-05-11
com.garena.game.ddttw,Garena彈彈堂-5v5即時齊射對戰,277,TW,2018-05-11
com.lianqu.godofgemble,賭神Online-免費賭場老虎機，百家樂，21點,278,TW,2018-05-11
com.gamedreamer.sgbpgtw,三國BLADE,279,TW,2018-05-11
com.udfun.bsyjh,不思議進化：原創寵物精靈策略對戰手遊,280,TW,2018-05-11
com.turingame.zgznft,主公之怒-三國亂世爭霸,281,TW,2018-05-11
tw.play.gc,盜墓盜到鬼-鬼吹燈小說改編,282,TW,2018-05-11
jp.co.atm.strikers,三国大戦スマッシュ！【さんすま】三国志ひっぱりアクション,283,TW,2018-05-11
com.gramgames.mergedragons,MergeDragons!,284,TW,2018-05-11
com.bigbull.tdsg,塔防三國志,285,TW,2018-05-11
com.selvas.fr,GUNFIRE(ガンファイア）-爽快フル３Ｄガンシューティング,286,TW,2018-05-11
com.qrtgao.pixel.and.tw,像素怪獸樂園,287,TW,2018-05-11
com.linecorp.LGSDG,LINE:ガンダムウォーズ,288,TW,2018-05-11
com.sevenpirates.infinitywar,アーク・オブ・ウォー「ArkofWar」,289,TW,2018-05-11
com.enfeel.MMR,メダルヒーローズ:召喚士たちの帰還(カジュアル戦略RPG),290,TW,2018-05-11
com.twodate.app,2Date交友約會平台愛情戀愛配對,291,TW,2018-05-11
com.liveyap.timehut,家族アルバム　Peekaboo（ピカブー）ーベビーブック、写真共有、動画音声記録,292,TW,2018-05-11
com.bbgame.fzsn.tw.gp,放置少女,293,TW,2018-05-11
hk.com.funtown.yume,夢王國與沉睡中的100位王子殿下【療癒系手遊夢100】,294,TW,2018-05-11
com.fungames.sniper3d,スナイパー３Dアサシン：無料射撃ゲーム(Sniper3D）,295,TW,2018-05-11
com.qcplay.slimegogogo,ダンジョンズ&ガンボル(G&D),296,TW,2018-05-11
com.king.farmheroessaga,ファームヒーロー,297,TW,2018-05-11
com.funapps.tw.sm,新劍魔之戰,298,TW,2018-05-11
com.ea.gp.nbamobile_sea,NBALIVEバスケットボール,299,TW,2018-05-11
com.cmoney.chipk,籌碼K線-跟著主力在股市賺錢,300,TW,2018-05-11
jp.naver.SJLGCOFFEE,LINEアイラブコーヒー,301,TW,2018-05-11
jp.naver.SJLGPP,LINEポコパン,302,TW,2018-05-11
com.square_enix.android_googleplay.mobiusff_tc,MOBIUSFINALFANTASY,303,TW,2018-05-11
com.kingwaytek.naviking3d,樂客導航王全3DPro正式版（可離線）,304,TW,2018-05-11
com.redwolfama.peonylespark.gp,LesPark-レズビアンライブビデオ、ソーシャルAPP,305,TW,2018-05-11
com.game168.ss,喪屍獵人,306,TW,2018-05-11
com.machinezone.gow,ゲーム・オブ・ウォー【GameofWar】,307,TW,2018-05-11
com.naturalmotion.customstreetracer2,CSRRacing2,308,TW,2018-05-11
com.gamedreamer.kzgj,空之軌跡:羈絆-日本正統授權,309,TW,2018-05-11
com.wonderplanet.littlebigfamily,小小大家族,310,TW,2018-05-11
com.my.hc.rpg.kingdom.simulator,HustleCastle–アイドルシェルターの英雄,311,TW,2018-05-11
com.lk.myz2.twgp,羋月傳－全球首款3D宮廷手遊,312,TW,2018-05-11
com.quvideo.xiaoying,VivaVideo-動画編集＆動画作成＆動画加工,313,TW,2018-05-11
com.rsg.cjhwy,BeastsEvolved:Skirmish,314,TW,2018-05-11
com.endressdreamtw.loveting,緣圈-每日16名配對交友!!,315,TW,2018-05-11
com.a.one.hz,還珠格格-正版授權手遊,316,TW,2018-05-11
com.fingerfun.xwy.tw,俠物語—自由才是真武俠,317,TW,2018-05-11
com.xd.global.and.hf,ファイナル・ヒーローズ(FinalHeroes),318,TW,2018-05-11
com.nkm.kp.hh,ハイパーヒーローズ(HyperHeroes:Marble-LikeRPG),319,TW,2018-05-11
com.dm.lhwj.tw,虛無萬解,320,TW,2018-05-11
com.funplus.familyfarm,にじいろ牧場,321,TW,2018-05-11
com.rovio.blast,アングリーバードブラスト,322,TW,2018-05-11
com.galasports.nba.tw,NBA籃球大師,323,TW,2018-05-11
com.sgn.geniesandgems.gp,マジックジュエル,324,TW,2018-05-11
net.wargaming.wot.blitz,ワールド・オブ・タンクス・ブリッツ,325,TW,2018-05-11
en.co.atm.unison,UnisonLeague,326,TW,2018-05-11
com.feelingtouch.clonewar,CloneEvolution:RPGBattle,327,TW,2018-05-11
com.niceplay.khm.secob,三國群英傳：全球征戰,328,TW,2018-05-11
com.haizhan.u5games,戰艦世界-環太平洋,329,TW,2018-05-11
com.niceplay.loc.gp,造物法則,330,TW,2018-05-11
com.linecorp.LGKD,LINEリトルナイツ,331,TW,2018-05-11
com.hunlianjiaoyou.chengshi,同城約愛-同城交友、拍拖、夜約、戀愛約會、找女友、婚戀,332,TW,2018-05-11
com.gamedreamer.combotw,幻櫻武天下-2018一起三分天下,333,TW,2018-05-11
com.gameboss.google.mxw,冒險王2－可愛再臨,334,TW,2018-05-11
net.gamon.bdTW,BanGDream!少女樂團派對,335,TW,2018-05-11
com.one.goodnight,おやすみ：面白いボイスチャット,336,TW,2018-05-11
com.runewaker.Luna,LunaStoria,337,TW,2018-05-11
com.bandainamcoent.ninjavoltage_app,NARUTOXBORUTONINJAVOLTAGE,338,TW,2018-05-11
com.denachina.g23000114.android,為了誰的鍊金術師,339,TW,2018-05-11
com.doubleugames.DoubleUCasino,DoubleUCasino-FreeSlots,340,TW,2018-05-11
com.starring.zgirls2,Zgirls2-LastOne,341,TW,2018-05-11
com.uplusgame.royalsky,蒼天訣,342,TW,2018-05-11
com.softstargames.arh,次元召喚,343,TW,2018-05-11
com.joycity.potc,パイレーツ・オブ・カリビアン大海の覇者,344,TW,2018-05-11
com.twwecan.hy,花語學園,345,TW,2018-05-11
com.rsg.ysj,異世界幻想-二次元時空之旅,346,TW,2018-05-11
com.bandainamcoent.digimon_linkz_ww,DigimonLinks,347,TW,2018-05-11
com.qianxun.comic,漫咖漫画-全彩免費漫畫每日更新,348,TW,2018-05-11
com.ghosttuisan.android,惡靈退散-JK女生の穿越冒險,349,TW,2018-05-11
com.epicwaronline.ms,モバイルストライク【MobileStrike】,350,TW,2018-05-11
com.games37.wm,LordsofConquest,351,TW,2018-05-11
com.scopely.headshot,ウォーキング・デッドサバイバルへの道,352,TW,2018-05-11
com.Macau.JiaoZi.DiamondSlot,鑽石角子-大軍駕到,353,TW,2018-05-11
com.spacepirate.jackpot8line,Jackpot8LineSlots,354,TW,2018-05-11
com.nubee.valkyriecrusade,【無料で遊べる！】神界のヴァルキリー【美少女ゲームアプリ】,355,TW,2018-05-11
com.efun.llyt.tw.tw,六龍御天,356,TW,2018-05-11
com.king.bubblewitch3,バブルウィッチ3,357,TW,2018-05-11
com.tap4fun.reignofwar,インベーション,358,TW,2018-05-11
com.eyougame.xchx,星辰幻想,359,TW,2018-05-11
com.sohomob.battledarkchess,暗棋大戰Online,360,TW,2018-05-11
com.droidhen.game.poker,テキサス・ホールデム達人,361,TW,2018-05-11
com.asobimo.avabel_gp_b3,MMORPGアヴァベルオンライン-絆の塔-,362,TW,2018-05-11
com.youkia.sanguogotcn.ig,惡搞三國:Q版三國無雙策略遊戲,363,TW,2018-05-11
com.sixwaves.sstw,戰國幻武,364,TW,2018-05-11
com.netmarble.destiny,Destiny6,365,TW,2018-05-11
tw.sonet.wiz,問答RPG魔法使與黑貓維茲,366,TW,2018-05-11
com.idplay.legu.gongzhuol,魔物戀曲,367,TW,2018-05-11
com.godgame.landlord.android,鬥地主神來也斗地主,368,TW,2018-05-11
com.ggls.perform.show.yleslive,1024直播—型男索女最愛的視訊直播秀場,369,TW,2018-05-11
com.gameloft.android.ANMP.GloftA8HM,アスファルト8：Airborne,370,TW,2018-05-11
com.stgl.global,ウォー・アンド・マジック「WarandMagic」,371,TW,2018-05-11
net.gamon.loveliveTW,LoveLive!學園偶像祭,372,TW,2018-05-11
com.kixeye.wcm,ウォーコマンダー,373,TW,2018-05-11
com.n3twork.legendary,Legendary:GameofHeroes,374,TW,2018-05-11
com.ironbear.everrich,EverRichSlots,375,TW,2018-05-11
net.audiko2.pro,Audikoringtones,376,TW,2018-05-11
com.productmadness.fafafagold,FaFaFa™GoldCasino:Freeslotmachines,377,TW,2018-05-11
com.twwecan.jh,我們結婚啦,378,TW,2018-05-11
com.tiange.miaolive.huawei,喵播全球版,379,TW,2018-05-11
com.king.candycrushjellysaga,キャンディークラッシュゼリー,380,TW,2018-05-11
com.kepchat.androidv4,AppsMe-ライブストリームビデオチャット,381,TW,2018-05-11
com.newfendoucq.lp,我們的使命—超級艦隊,382,TW,2018-05-11
com.hunlianyuehuiba,約愛吧—單身、帥哥、美女、寂寞聊天、約會,383,TW,2018-05-11
com.lakoo.teon,Teon-中文版,384,TW,2018-05-11
com.vizorapps.mahjong,パズルトレジャークエスト,385,TW,2018-05-11
com.dongby.android.mmshow.inter,95Live直播全球華人的免費中文互動直播家族,386,TW,2018-05-11
com.foxnextgames.m3,MARVELストライクフォース,387,TW,2018-05-11
sg.bigo.live,BIGOLIVE（ビゴライブ)‐SNS系ライブ配信,388,TW,2018-05-11
com.novas.sgby,三國霸禦-原創正統經典三國策略手游,389,TW,2018-05-11
com.gamecaff.yhzj,無盡永恆1週年,390,TW,2018-05-11
com.sixwaves.threekings,雄據三國,391,TW,2018-05-11
com.gamepanda.JG,金光風雲錄：十萬元寶大FUN送,392,TW,2018-05-11
com.slgmaster.dow,幕府風雲,393,TW,2018-05-11
com.elex.coq.gp,クラッシュオブクイーンズ-光と闇,394,TW,2018-05-11
com.bigfishgames.cookingcrazegooglef2p,クッキングクレイズ-超絶ハイテンポ・レストランゲーム,395,TW,2018-05-11
com.heyyogame.snjhz,這個江湖不太冷,396,TW,2018-05-11
com.enjoygame.nwnytw,諾文尼亞-連珠魔法奇遇祭,397,TW,2018-05-11
com.DrAgon.TActic.Papillon,龍吟訣,398,TW,2018-05-11
com.godgame.sevens.android,排七神來也接龍(排7),399,TW,2018-05-11
com.com2us.acefishing.normal.freefull.google.global.android.common,釣りオン！,400,TW,2018-05-11
tw.com.omg.mk2.android.gamebar,暮光世界,401,TW,2018-05-11
com.st.twg.warshipsaga,海戰傳奇-Navy1942,402,TW,2018-05-11
com.mojang.minecraftpe,Minecraft,403,TW,2018-05-11
com.denachina.g23000113.android,聖鬪士星矢：銀河之魂（時空戰場）,404,TW,2018-05-11
com.naver.vapp,V-リアルタイム放送App,405,TW,2018-05-11
com.fox92.jycg,劍雨長歌,406,TW,2018-05-11
letsfarm.com.playday,一緒に農場(Let'sFarm),407,TW,2018-05-11
com.tw.snsplus.tohnew.android,王女異聞錄,408,TW,2018-05-11
com.jyws.gptw,劍影無雙,409,TW,2018-05-11
com.xingjoys.zgirls.gp,Zgirls,410,TW,2018-05-11
com.kimi.ggplay.ppsgtw,真三國大戰-一番武將跨服大戰,411,TW,2018-05-11
tw.com.iwplay.sgm,神鬼奇兵,412,TW,2018-05-11
com.hktw.official.allin,口袋德州撲克PocketTexasPoker,413,TW,2018-05-11
com.dx.game.paigow,推牌九,414,TW,2018-05-11
com.funfreebestgames.idlergpHD,西遊記後傳-掛機封神放置類單機遊戲,415,TW,2018-05-11
com.orangesgame.ios.loh,FunHospital–大事業家の舞台裏,416,TW,2018-05-11
com.nexon.dominations.asia.g,ドミネーションズ-文明創造-(DomiNations),417,TW,2018-05-11
com.selvas.ttale,小鎮奇緣-可愛的3D農場,418,TW,2018-05-11
com.unitedfun.prod.apollo,かわいくきがえてファッションショー❤CocoPPaPlay,419,TW,2018-05-11
com.com2us.mlbgm.normal.freefull.google.global.android.common,MLB：9イニングスGM,420,TW,2018-05-11
jp.co.gu3.orange01,クリスタルオブリユニオン,421,TW,2018-05-11
app.cheers,聊天不露臉免費交友App💖【Cheers】：匿名聊天app交友軟體,422,TW,2018-05-11
kr.co.everyfun.ddd,ビースツVSモンスターズ-ほっとけ戦士,423,TW,2018-05-11
air.com.playtika.slotomania,Slotomania-FreeSlots英語版,424,TW,2018-05-11
com.linecorp.LGLP2,LINEPOP2,425,TW,2018-05-11
com.nhnent.SK10392,ごっつ三国関西戦記：横スクロールバトルRPG新感覚三国志,426,TW,2018-05-11
com.tykj.asszly,神之領域,427,TW,2018-05-11
com.gameloft.android.ANMP.GloftDOHM,ドラゴンマニア・レジェンド【ドラマニ】,428,TW,2018-05-11
com.ea.game.simcitymobile_row,シムシティ　ビルドイット(SIMCITYBUILDIT),429,TW,2018-05-11
com.sevenpirates.dragon,スカイキングダムズ(SkyKingdoms),430,TW,2018-05-11
com.godgame.poker13.android,十三支神來也13支(ChinesePoker),431,TW,2018-05-11
com.enjoygame.windtraveltw,天堂戰記2:風之旅團-看我2048變！,432,TW,2018-05-11
com.ghg.sb,召喚圖板-就是思考才好玩,433,TW,2018-05-11
com.vshower.prd_sr,ブルーストーン,434,TW,2018-05-11
com.chaoF.zHanshenFT,超凡戰神,435,TW,2018-05-11
com.sega.d2megaten.zh_hant,D×２真・女神轉生Liberation,436,TW,2018-05-11
com.xlegend.timepact.tw,時空契約,437,TW,2018-05-11
com.mytona.seekersnotes.android,探索者の記録,438,TW,2018-05-11
com.gravity.poring.and,RO:IdlePoring,439,TW,2018-05-11
com.evernote,Evernote-メモ帳＆システム手帳,440,TW,2018-05-11
net.wargaming.wows.blitz,WorldofWarshipsBlitz,441,TW,2018-05-11
com.rcsing,唱唱—和朋友一起歡歌歡唱KTV唱歌卡拉OK,442,TW,2018-05-11
com.Seriously.BestFiends,BestFiends-無料のパズルゲーム,443,TW,2018-05-11
com.userjoy.slotsmjm,搓麻將拉霸、水果盤、真人美女麻將、賽馬、刮刮樂,444,TW,2018-05-11
com.ftt.sevenguardians.gl.global,セブンガーディアンズ　終わりなき戦争,445,TW,2018-05-11
com.goplaytoday.guildofheroes,GuildofHeroes-fantasyRPG,446,TW,2018-05-11
com.ea.game.starwarscapital_row,スター・ウォーズ／銀河の英雄,447,TW,2018-05-11
com.wangxiami.ccbp,曹操咪走,448,TW,2018-05-11
com.boyaa.enginetaiwanqp.main,開心鬥一番-十六張、鬥地主、十三支、大老二、德州撲克等合集遊戲,449,TW,2018-05-11
com.pacificinteractive.HouseOfFun,フリー・スロットカジノ-HouseofFunゲーム,450,TW,2018-05-11
rise.heroes.tw,武神關聖:傳奇水域戰場,451,TW,2018-05-11
com.nextgames.android.twd,ウォーキング・デッド：ノーマンズ・ランド,452,TW,2018-05-11
com.tfgco.games.strategy.free.castlecrush,キャッスルクラッシュオンライン戦略ゲーム（CastleCrush),453,TW,2018-05-11
com.camex.tactical.monster,タクティカルモンスターズ(TacticalMonsters),454,TW,2018-05-11
com.playground.g2.swd3d,軒轅劍三-3D正版手遊_門派爭霸,455,TW,2018-05-11
com.skout.android,SKOUT-出会う、チャットする、友達になる,456,TW,2018-05-11
com.tencent.warwings2,ウォー・ウィングス(WarWings),457,TW,2018-05-11
com.hcg.ctw.gp,ClashofKings:TheWest,458,TW,2018-05-11
com.com2us.soulcollector.normal.freefull.google.global.android.common,ソウルシーカー,459,TW,2018-05-11
com.selfawaregames.acecasino,BigFishCasino：本場ラスベガスのカジノ＆スロットマシンをプレイ,460,TW,2018-05-11
com.bbqstudio.bbqqoversea,BarbarQ,461,TW,2018-05-11
com.gameone.bk,再見吧武器,462,TW,2018-05-11
com.ww.te.tankworld,戰爭世界II(破翼行動),463,TW,2018-05-11
com.taptaptapgame.tkd,小小主公:家族爭霸策略至上,464,TW,2018-05-11
com.pocketgems.android.dragon,WarDragons,465,TW,2018-05-11
com.chocolabs.app.chocotv,CHOCOTV追劇瘋樣樣劇備-線上追劇高清免費看,466,TW,2018-05-11
com.kimi.ggplay.sgzrtw,全民快打-RockK.O.,467,TW,2018-05-11
com.km.kmusic,愛K歌—引領視頻唱歌潮流的手機KTV,468,TW,2018-05-11
com.gamedux.fruitmachine,皇家水果盤,469,TW,2018-05-11
com.igg.clashoflords2tw,ClashofLords2:領主之戰2,470,TW,2018-05-11
com.a.three.jy,刀劍如夢,471,TW,2018-05-11
com.droidhen.defender3,DefenderIII,472,TW,2018-05-11
com.asobimo.iruna_tw,RPG依露娜戰紀ONLINE-MMORPG-,473,TW,2018-05-11
jp.dena.showroom,SHOWROOM-無料で配信と視聴ができるショールーム,474,TW,2018-05-11
com.joycity.god,ダイスの神,475,TW,2018-05-11
com.efunfun.ddianle.lovedance,戀舞,476,TW,2018-05-11
com.digitalsky.rotktw,三國激突-蒼龍異傳,477,TW,2018-05-11
gogolook.callgogolook2,Whoscall（だれ電）迷惑電話、勧誘電話を自動で着信拒否,478,TW,2018-05-11
com.rovio.abmatch3,アングリーバードマッチ(AngryBirdsMatch),479,TW,2018-05-11
jp.co.happyelements.toto,メルクストーリア癒術士と鈴のしらべ（ライン・ストラテジー）,480,TW,2018-05-11
com.userjoy.lvt,"寶島娛樂城-柏青斯洛,水果盤,5PK,小瑪莉,糖果,忍者,麻將機檯",481,TW,2018-05-11
com.mitamagames.otogiprod,陰陽おとぎソール,482,TW,2018-05-11
com.asiainno.uplive.taiwan,UpliveTaiwan-全球聊天直播的視訊社區,483,TW,2018-05-11
com.kktv.kktv,KKTV難以抗劇–強檔日韓台陸劇高畫質線上看,484,TW,2018-05-11
com.galaxygame.lsgtw.ad1,御姬之舞,485,TW,2018-05-11
com.twwecan.tbf,東離劍遊紀之生死一劍,486,TW,2018-05-11
com.gamecaff.wjzj,無盡戰記-輕鬆簡單無壓力,487,TW,2018-05-11
air.com.sgn.cookiejam.gp,クッキージャム,488,TW,2018-05-11
com.king.petrescuesaga,ペットレスキュー,489,TW,2018-05-11
com.cayenne.gv5.tw,大航海時代V-正宗光榮授權,490,TW,2018-05-11
com.gamedreamer.rgdsjtw,如果的世界-簡廷芮x李玉璽浪漫夢の屋,491,TW,2018-05-11
com.gamedreamer.tw.ql,權力與榮耀-多國紛爭MMO,492,TW,2018-05-11
com.netmarbleasia.aden,亞丁之戰,493,TW,2018-05-11
cn.san.san,龍之魔法師,494,TW,2018-05-11
tw.txwy.and.hsqj,橫掃千軍,495,TW,2018-05-11
com.eyougame.yjqyc,雲中訣,496,TW,2018-05-11
com.ludia.jurassicworld,JurassicWorld™:ザ·ゲーム,497,TW,2018-05-11
com.aicombo.ol9yin3d,九陰真經3D,498,TW,2018-05-11
com.microsoft.skydrive,MicrosoftOneDrive,499,TW,2018-05-11
com.linekong.z1.twgp,後宮甄嬛傳,500,TW,2018-05-11
com.pps.kiyu.hqg,《花千骨》─最受女生歡迎社交手遊,501,TW,2018-05-11
com.flerogames.aos.pitapatrestaurant.global.test,どきどきレストラン,502,TW,2018-05-11
com.foxugame.hk,帝國艦隊-王者崛起,503,TW,2018-05-11
com.igs.queentwo.aos,女王2-美人天下,504,TW,2018-05-11
com.playstudios.popslots,POP!Slots－スロット無料カジノ,505,TW,2018-05-11
com.herogame.gplay.kowtw,巔峰戰艦：進擊的航母,506,TW,2018-05-11
com.igg.android.lordsonline_tw,王國征戰,507,TW,2018-05-11
com.rayark.cytus2,CytusII(サイタスⅡ),508,TW,2018-05-11
net.delusionstudio.castleburn,CastleBurn-RTSRevolution,509,TW,2018-05-11
com.nekki.shadowfight3,シャドウファイト3,510,TW,2018-05-11
com.ployi.jiaoyouyueai,快約愛-快速約會、寂寞交友、單身夜約愛、附近交友約愛常用程式,511,TW,2018-05-11
com.igs.cmj,競技麻將【內含拉霸、骰寶等遊藝場熱門遊戲】,512,TW,2018-05-11
com.heartsnet.xmph.gp,私の完美英雄-極上幻想二次元合戰,513,TW,2018-05-11
com.frienzyme.a,"frienzyme臺灣交友-結交朋友,浪漫約會,單身聚會",514,TW,2018-05-11
com.aimhighgames.gp,聖劍英雄傳：末日審判,515,TW,2018-05-11
com.gameloft.android.ANMP.GloftGGHM,ギャングスターベガス～シューティング・マフィアゲーム～,516,TW,2018-05-11
com.blued.gp,"Blued-Gaychat,Social,Live,同志軟體",517,TW,2018-05-11
com.sfacg,菠萝包轻小说-海量轻小说·免费黑白彩色漫画·专注二次元阅读,518,TW,2018-05-11
com.netmarbleasia.ma92hk,真．全民打棒球2017,519,TW,2018-05-11
com.dyhd.slg01.pennew,WarofWarship:PacificWar,520,TW,2018-05-11
com.outfit7.talkingtomgoldrun,トーキング・トムのゴールド・ラン,521,TW,2018-05-11
com.makingfun.mageandminions,Eternium,522,TW,2018-05-11
com.unearby.sayhi,出会い・恋活のスマとも-スタンプ付きチャット,523,TW,2018-05-11
com.gameplay.frxx.android,凡人修仙傳-開啟你的三界之路,524,TW,2018-05-11
com.jiannianggame.tw,請命令！提督SAMA,525,TW,2018-05-11
com.gameloft.android.ANMP.GloftDYHM,DisneyMagicKingdoms:BuildYourOwnMagicalPark,526,TW,2018-05-11
com.mobirix.rush,SummonRush,527,TW,2018-05-11
com.SoFunny.RapidClash,RapidClash,528,TW,2018-05-11
com.zeptolab.cats.google,CATS:CrashArenaTurboStars,529,TW,2018-05-11
com.heartsnet.hxyx.x.gp,幻想英雄2：HeroesofFantasy,530,TW,2018-05-11
jp.co.translimit.castle,CraftWarriors(クラフト・ウォリアーズ),531,TW,2018-05-11
com.pixel.gun3d,ピクセルガン3D。(PixelGun3D),532,TW,2018-05-11
air.cn.kx.yttxtwbattlenew2,兵臨城下,533,TW,2018-05-11
com.sunfun.wetouch,"weTouch-チャッ,デート,恋愛",534,TW,2018-05-11
com.igs.greatqueen.android,女王(全新2016真人美女)gametower,535,TW,2018-05-11
com.monstarlab.Illyaalarm,魔法少女☆伊莉雅鬧鐘,536,TW,2018-05-11
air.cn.kx.yttxtwbattlenew,一統天下,537,TW,2018-05-11
com.superant.superpoker.th2,ไพ่เท็กซัสซูเปอร์-BestFreeTexasHold'emPoker,538,TW,2018-05-11
com.idleif.abyssrium,アビスリウム-タップで育つ水族館,539,TW,2018-05-11
com.dropbox.android,Dropbox,540,TW,2018-05-11
