app_id,app_name,rank,country_code,date
tw.chaozhuyin.paid,超注音(直購版),1,TW,2016-05-21
com.andromoney.pro,AndroMoneyPro家計簿,2,TW,2016-05-21
com.lib.cwmoneyex,CWMoneyEX2.0ExpenseTrack,3,TW,2016-05-21
com.lnrgame.StarKnight,StarKnight,4,TW,2016-05-21
kr.co.roigames.whiteday.g,学校:ホワイトデー,5,TW,2016-05-21
com.lakoo.teon,Teon,6,TW,2016-05-21
com.maxmpz.audioplayer.unlock,PowerampFullVersionUnlocker,7,TW,2016-05-21
com.nobstudio.chengshuwan.prisonLifeRPG,PrisonLifeRPG,8,TW,2016-05-21
com.mojang.minecraftpe,マインクラフトMinecraft:PocketEd.,9,TW,2016-05-21
tw.com.soyong.minnajapan,大家學標準日本語：初級本,10,TW,2016-05-21
com.square_enix.android_googleplay.dq4,DRAGONQUESTIV,11,TW,2016-05-21
de.mdiener.rain.usa.plus,雨アラーム・プロ,12,TW,2016-05-21
com.cloudmosa.puffin,PuffinBrowserPro,13,TW,2016-05-21
com.longtongcom.monsterfantasyzh,神奇精靈口袋版(官方推薦版本),14,TW,2016-05-21
tendy.SpeedCameraGold,測速照相偵測Gold,15,TW,2016-05-21
com.quvideo.xiaoying.pro,VivaVideoPro:ビデオエディタ＆動画編集アプリ,16,TW,2016-05-21
com.kut.engkingex,[限時特價]英文單字王3專業版EngKingEX-背單字,17,TW,2016-05-21
com.square_enix.android_googleplay.dq8,DRAGONQUESTVIII,18,TW,2016-05-21
com.square_enix.android_googleplay.dq1_gp,DRAGONQUEST,19,TW,2016-05-21
com.ubisoft.assassinscreed.identity,アサシンクリードアイデンティティ,20,TW,2016-05-21
com.kingwaytek.naviking3d,樂客導航王全3DPro正式版（可離線）,21,TW,2016-05-21
com.rockstargames.gtasa,グランド・セフト・オート・サンアンドレアス,22,TW,2016-05-21
com.iqt.iqqijni.hw.chinese5in1.pro,[限時特價再抽獎]IQQI輸入法專業版手寫注音倉頡,23,TW,2016-05-21
com.flightradar24pro,Flightradar24Pro,24,TW,2016-05-21
tw.com.soyong.minnajapanm4719180194213,大家學標準日本語：中級本,25,TW,2016-05-21
com.ironhidegames.android.kingdomrushorigins,KingdomRushOrigins,26,TW,2016-05-21
com.estrongs.android.pop.pro,ESFileExplorer/ManagerPRO,27,TW,2016-05-21
tw.com.soyong.laisgrammar,賴世雄英文文法,28,TW,2016-05-21
com.digitalcrafterteam.lamiasgameroom,ラミアのゲームルーム,29,TW,2016-05-21
com.intsig.BizCardReader,CamCard:名刺管理•日本語他16言語対応,30,TW,2016-05-21
com.perracolabs.cp,Cameringo+エフェクトカメラ,31,TW,2016-05-21
com.t2ksports.nba2k16android,NBA2K16,32,TW,2016-05-21
com.disney.castleofillusion_goo,CastleofIllusion,33,TW,2016-05-21
com.sevenacademy.wordland,SightWords英語の単語,34,TW,2016-05-21
com.folus.sevenprince,鎮海宮七王爺線上求籤,35,TW,2016-05-21
com.snkplaymore.android007,THEKINGOFFIGHTERS'98,36,TW,2016-05-21
com.kingwaytek.naviking,樂客導航王N5Pro（可離線）,37,TW,2016-05-21
com.disney.WMW,スワンピーのお風呂パニック！,38,TW,2016-05-21
tw.com.otek.xyphonics,英語発音速成攻略,39,TW,2016-05-21
com.astragon.cs2014,コンストラクションシミュレーター2014,40,TW,2016-05-21
com.flavionet.android.camera.pro,CameraFV-5,41,TW,2016-05-21
com.xvideostudio.videoeditorpro,VideoShow-ビデオエディタ,42,TW,2016-05-21
eu.thedarken.sdm.unlocker,SDメイドプロ-Unlocker,43,TW,2016-05-21
com.eightyeightgames.ymbab,ユー・マスト・ビルド・ア・ボート,44,TW,2016-05-21
com.oasisfeng.greenify.pro,Greenify(DonationPackage),45,TW,2016-05-21
com.papago.M11_Int,導航PAPAGO!TaiwanbyGOLiFE,46,TW,2016-05-21
imoblife.brainwavetuner.market,脳波調音大師,47,TW,2016-05-21
com.hg.townsmen7,TownsmenPremium,48,TW,2016-05-21
com.nanomobile.selfiestick,SelfieStickforHTC(noAds),49,TW,2016-05-21
com.FireproofStudios.TheRoom2,TheRoomTwo,50,TW,2016-05-21
com.pockettrend.neomonsters,ネオモンスターズ,51,TW,2016-05-21
com.inventec.dreye.dictnew,Dr.eye譯典通,52,TW,2016-05-21
net.kairosoft.android.manga_ippon_ja,まんが一本道〆,53,TW,2016-05-21
air.com.shirogames.evoland12,Evoland,54,TW,2016-05-21
org.hisand.zidian.zht.pro,國語辭典,55,TW,2016-05-21
com.appstar.callrecorderpro,通話レコーダーPro,56,TW,2016-05-21
com.apalon.notepad,ノートパッド+,57,TW,2016-05-21
com.rockstargames.gtavc,グランド・セフト・オート・バイスシティ,58,TW,2016-05-21
cz.zdenekhorak.mibandtools,MiBandTools,59,TW,2016-05-21
ccc71.bmw.pro,BatteryMonitorWidgetPro,60,TW,2016-05-21
com.longtongcom.pocketmonster,魔靈の羈絆：口袋精靈,61,TW,2016-05-21
com.amtgames.ewtd2,EpicWarTD2,62,TW,2016-05-21
com.sevenminworkout,7分間エクササイズ,63,TW,2016-05-21
com.chaos.engapppro,超級單字王Pro-英檢、多益、托福輕鬆學習,64,TW,2016-05-21
com.easyovpn.easyovpn.unlocker,EasyOvpnProUnlockerKey,65,TW,2016-05-21
music.bassbooster.equalizer.pay,イコライザー＆ベースブースタープロ,66,TW,2016-05-21
slide.watchFrenzy.premium,WatchMakerPremiumWatchFace,67,TW,2016-05-21
com.realdrift.sipon,RealDriftCarRacing,68,TW,2016-05-21
com.epsxe.ePSXe,ePSXeforAndroid,69,TW,2016-05-21
air.com.RustyLake.RustyLakeHotel,RustyLakeHotel,70,TW,2016-05-21
com.root_memo_pro,"英文記單字,字根,邏輯,諧音,字典/多益/英檢/基測/指考",71,TW,2016-05-21
kr.aboy.tools,SmartTools-ツールボックス,72,TW,2016-05-21
slide.cameraZoom,CameraZOOMFX,73,TW,2016-05-21
com.peppapig.holiday,PeppaPig:Holiday,74,TW,2016-05-21
tw.idv.arlen.pay,發票123付費版(統一發票對獎，手機條碼、共通性載具),75,TW,2016-05-21
com.foursakenmedia.heroesandcastles2,HeroesandCastles2,76,TW,2016-05-21
com.teslacoilsw.launcher.prime,NovaLauncherPrime,77,TW,2016-05-21
tw.com.soyong.minnajapanh4719180194411,大家學標準日本語：高級本,78,TW,2016-05-21
jp.ne.hardyinfinity.bluelightfilter.paid,ブルーライト軽減フィルター有料版ライセンスキー,79,TW,2016-05-21
com.PinkBear.ScooterHelper.pro,機車小幫手專業版,80,TW,2016-05-21
com.axis.mobile.chapters.transpro,音声翻訳Pro,81,TW,2016-05-21
com.etterstudio.pnp,Plug&Play,82,TW,2016-05-21
com.intsig.lic.camscanner,CamScanner完全版(License),83,TW,2016-05-21
com.nll.acr.license,ACRライセンス,84,TW,2016-05-21
ginlemon.flowerpro,スマートランチャーPro3(SmartLauncher),85,TW,2016-05-21
eu.chainfire.supersu.pro,SuperSUPro,86,TW,2016-05-21
com.FireproofStudios.TheRoom3,TheRoomThree,87,TW,2016-05-21
com.gamedigits.DreamMachineAndroid,DreamMachine-TheGame,88,TW,2016-05-21
ilmfinity.evocreo.main.android,EvoCreo,89,TW,2016-05-21
com.telltalegames.minecraft100,Minecraft:StoryMode,90,TW,2016-05-21
com.wb.goog.legojurassicworld,LEGO®JurassicWorld™,91,TW,2016-05-21
com.game.fragment,支离破碎（免费促销）,92,TW,2016-05-21
com.otek.ivyword4500tch,常春藤核心英文字彙2251-4500,93,TW,2016-05-21
com.ko.toeic.enword.cn.pron,最重要TOEIC英語單詞(發音版),94,TW,2016-05-21
com.skoutplus.android,SKOUT+-出会い、チャット、デート,95,TW,2016-05-21
com.womanlogpro,WomanLogProカレンダー,96,TW,2016-05-21
com.otek.ivyword2000tch,常春藤基礎英文字彙2250,97,TW,2016-05-21
com.devexpert.weatheradfree,天気＆時計ウィジェット用Android-広告なし,98,TW,2016-05-21
com.and.games505.TerrariaPaid,Terraria.,99,TW,2016-05-21
com.ascendapps.aaspeedometer.pro,GPSHUDスピードメーターPlus,100,TW,2016-05-21
com.hiqrecorder.full,Hi-QMP3ボイスレコーダー（フル）,101,TW,2016-05-21
com.mxtech.videoplayer.pro,MXPlayerPro,102,TW,2016-05-21
org.hisand.chengyu.zht.pro,成語辭典進階版,103,TW,2016-05-21
com.merriamwebster.premium,Dictionary-M-WPremium,104,TW,2016-05-21
com.squareenixmontreal.hitmansniperandroid,Hitman:Sniper,105,TW,2016-05-21
age.of.civilizations.jakowski,エイジ・オブ・シヴィライゼーション,106,TW,2016-05-21
com.good.world2.gplay,世界II－魔物狩猟,107,TW,2016-05-21
com.nanomobile.selfiestickpro,SelfieStickPro(noAds),108,TW,2016-05-21
com.kapp.ifont.donate,iFont(FontsForAndroid),109,TW,2016-05-21
com.disney.WMP,あれ、ペリーどこだ？,110,TW,2016-05-21
com.popcap.pvz_row,Plantsvs.Zombies,111,TW,2016-05-21
com.magiccubegames.GLK,あみだくじゆうしゃ,112,TW,2016-05-21
com.ultimateguitar.tabs,UltimateGuitarTabs&Chords,113,TW,2016-05-21
com.userjoy.vromance.pay,（送$300服裝）少女騎士物語TousLesJours,114,TW,2016-05-21
com.turner.cardwars,CardWars-AdventureTime,115,TW,2016-05-21
com.flyersoft.moonreaderp,天下一読高級版(Moon+ReaderPro),116,TW,2016-05-21
com.buak.link2sdplus,Link2SDPlus(New),117,TW,2016-05-21
com.dotemu.neogeo.mslug3,METALSLUG3,118,TW,2016-05-21
com.urbandroid.sleep.full.key,SleepasAndroidUnlock,119,TW,2016-05-21
com.tigrido.dictator2.paid,独裁者2クライミング,120,TW,2016-05-21
com.tribeplay.pandacityfull,Hoopaのシティー,121,TW,2016-05-21
com.acceleroto.unpossible,Unpossible,122,TW,2016-05-21
com.inventec.dreye.dictnew.asus,Dr.eye譯典通,123,TW,2016-05-21
tw.com.mebook.englishstart4719180202673,英語從頭學-全系列,124,TW,2016-05-21
imoblife.memorybooster.full,メモリブースター(MemoryBooster),125,TW,2016-05-21
com.wb.lego.marvel,LEGO®マーベルスーパー・ヒーローズザ・ゲーム,126,TW,2016-05-21
ipnossoft.rma.premium,RelaxMelodiesプレミアム:睡眠＆ヨガ,127,TW,2016-05-21
com.caynax.a6w.pro,毎日の腹部のエクササイズPRO,128,TW,2016-05-21
com.nynix.knots3d,ロープの結び方-ノット3DアプリKnots3D,129,TW,2016-05-21
com.keramidas.TitaniumBackupPro,TitaniumBackupPROKey★root,130,TW,2016-05-21
com.lightricks.facetune,Facetune,131,TW,2016-05-21
com.fds.infiniteflight,InfiniteFlightSimulator,132,TW,2016-05-21
com.eclipsim.gpstoolbox.pro,GPSStatusPRO-(legacykey),133,TW,2016-05-21
com.KickBack.LostEchoAdventure,LostEcho,134,TW,2016-05-21
com.iglint.android.screenlockpro,ScreenLockPro,135,TW,2016-05-21
com.tbig.playerpro,PlayerProMusicPlayer,136,TW,2016-05-21
com.sim.Flight2K16,FlightSimulator2K16,137,TW,2016-05-21
org.withouthat.acalendarplus,aCalendar+Calendar&Tasks,138,TW,2016-05-21
com.headupgames.bridgeconstructormedieval,BridgeConstructorMedieval,139,TW,2016-05-21
com.sonymobile.themes.carbongold,XPERIA™CarbonGoldTheme,140,TW,2016-05-21
com.alarmclock.xtreme,目覚し時計Xtreme+ﾀｲﾏｰ,141,TW,2016-05-21
com.otek.ivyword7000tch,常春藤進階英文字彙4501-7000,142,TW,2016-05-21
se.thegreen.themes.headbanger,XPERIA™HeadbangerTheme,143,TW,2016-05-21
com.matisinc.mbb1,MyBaby'sBeat-HeartMonitor,144,TW,2016-05-21
com.astragon.trucksim,TruckSimulation16,145,TW,2016-05-21
com.utorrent.client.pro,µTorrent®Pro-TorrentApp,146,TW,2016-05-21
net.dinglisch.android.taskerm,Tasker,147,TW,2016-05-21
com.advasoft.touchretouch,TouchRetouch,148,TW,2016-05-21
oms.mmc.fortunetelling.gmpay.almanac_vip,老黃曆通勝順曆專業版-日曆節日查詢,149,TW,2016-05-21
com.songsterr,SongsterrGuitarTabs&Chords,150,TW,2016-05-21
com.ospolice.packagedisablerpro,PackageDisablerPro(Samsung),151,TW,2016-05-21
com.goame.zombiehospital,ZombieHospital,152,TW,2016-05-21
com.apalon.myclock,私の目覚まし時計,153,TW,2016-05-21
com.nyamyam.tengamipackage,Tengami,154,TW,2016-05-21
com.dianxinos.dxbs.paid,Du節電-バッテリー最適化+ウィジェット+電池情報&延長寿命,155,TW,2016-05-21
com.ironhidegames.android.kingdomrushfrontiers,KingdomRushFrontiers,156,TW,2016-05-21
com.exozet.android.catan,Catan,157,TW,2016-05-21
com.artifexmundi.enigmatis2.gp.full,エニグマティス2(Full),158,TW,2016-05-21
luo.speedviewgpspro,SpeedViewGPSPro,159,TW,2016-05-21
com.elevenbitstudios.twommobile,ThisWarofMine,160,TW,2016-05-21
com.exozet.game.carcassonne,Carcassonne[カルカソンヌ],161,TW,2016-05-21
com.gameloft.android.ANMP.GloftG4HM,ギャングスターRIO：CityofSaints,162,TW,2016-05-21
com.mobisystems.msgs,PhotoSuite4Pro,163,TW,2016-05-21
com.rac7.DarkEcho,DarkEcho,164,TW,2016-05-21
chiu.hyatt.fueltwpay,"加油優惠,台灣(無廣告)",165,TW,2016-05-21
com.alexander.mfacemanagerpro,WOLF卓越團隊理財規劃專業版,166,TW,2016-05-21
com.artifexmundi.thesecretorder1.gp.full,シークレット・オーダー2(Full),167,TW,2016-05-21
kr.co.mediawork.helltowerJpn,地獄塔:レイダース,168,TW,2016-05-21
tw.com.mebook.generic4719180208125,主題式圖解英單：工作篇,169,TW,2016-05-21
com.dama.papercamera,PaperCamera-アニメ-漫画映画,170,TW,2016-05-21
com.a0soft.gphone.app2sd.pro,AppMgrProIII(App2SD)日本語版,171,TW,2016-05-21
uk.co.yakuto.TableTennisTouch,TableTennisTouch,172,TW,2016-05-21
com.st.japanfooddictionary,日本食物字典,173,TW,2016-05-21
air.com.paplusint.GhostsOfMemoriesFull,GhostsofMemories,174,TW,2016-05-21
com.K0deM0nkeys.MathDrops,DropMath,175,TW,2016-05-21
com.hg.devils,Devils&DemonsPremium,176,TW,2016-05-21
com.skvalex.callrecorder,CallRecorder,177,TW,2016-05-21
com.hikaru.photowidget,アニメーションフォトフレームウィジェット+,178,TW,2016-05-21
com.stmp.minimalface,WatchFace-Minimal&Elegant,179,TW,2016-05-21
com.fueled.afterlight,Afterlight,180,TW,2016-05-21
com.shazam.encore.android,ShazamEncore-音楽検索,181,TW,2016-05-21
com.ninjakiwi.bloonstd5,BloonsTD5,182,TW,2016-05-21
com.candysoft.HAHWVIP,わき毛戦士:VIP,183,TW,2016-05-21
com.acoustiguidemobile.am_chimei_museum,ChimeiMuseum,184,TW,2016-05-21
com.peppapig.themepark,PeppaPig:ThemePark,185,TW,2016-05-21
com.neutroncode.mp,NeutronMusicPlayer,186,TW,2016-05-21
com.ea.games.nfs13_row,NeedforSpeed™MostWanted,187,TW,2016-05-21
com.silvermoonapps.learnkoreanquick,楽しい韓国語を学びましょうLuvLinguaPro,188,TW,2016-05-21
jp.kiteretsu.zookeeper_dx,ZOOKEEPERDXTouchEdition,189,TW,2016-05-21
com.simplevision.workout.tabataadfree,TabataTimer-タバタタイマーAdFree,190,TW,2016-05-21
com.STRONGANDROID.CrazzzyAqurium,InsaneAqurium,191,TW,2016-05-21
com.snkplaymore.android001,THEKINGOFFIGHTERS'97,192,TW,2016-05-21
com.aes.secretvideorecorder.pro,隠しカメラの記録,193,TW,2016-05-21
com.cyberon.cvc.CHT,賽微語音命令-繁中,194,TW,2016-05-21
tw.com.otek.japanesekana,聽寫五十音專業版,195,TW,2016-05-21
com.accuweather.paid.android,AccuWeatherPlatinum（有料）,196,TW,2016-05-21
se.thegreen.themes.bayharbor,XPERIA™BayHarborTheme,197,TW,2016-05-21
com.sonymobile.themes.interstellar,XPERIA™InterstellarTheme,198,TW,2016-05-21
com.kmplayerpro,KMPlayerPro,199,TW,2016-05-21
com.almalence.opencam_plus,ABetterCameraUnlocked,200,TW,2016-05-21
detector.main,5AT測速照相警示器(正式版),201,TW,2016-05-21
air.com.sfbgames.HauntTheHouseTerrortown,HaunttheHouse:Terrortown,202,TW,2016-05-21
com.nullium.stylenote.pro,StyleNotePro,203,TW,2016-05-21
com.mobisystems.editor.office_registered,OfficeSuitePro+PDF,204,TW,2016-05-21
com.zenstudios.MarvelPinball,MarvelPinball,205,TW,2016-05-21
net.kairosoft.android.densha_ja,箱庭シティ鉄道,206,TW,2016-05-21
apps.ignisamerica.batterysaver.pro,バッテリー長持ち＆節電PRO（電池節約＆スマホ最適化に）,207,TW,2016-05-21
com.gameloft.android.ANMP.GloftASHM,アメイジング・スパイダーマン2,208,TW,2016-05-21
org.prowl.torque,TorquePro(OBD2/Car),209,TW,2016-05-21
com.robtopx.geometryjump,GeometryDash,210,TW,2016-05-21
com.photogather,PhotoGather,211,TW,2016-05-21
com.moontm.Dungeon999F,ダンジョン999,212,TW,2016-05-21
com.ko.phrase.enword.cn.pron,最常用英文片語和慣用語(發音版),213,TW,2016-05-21
com.rockstar.gta3,GrandTheftAutoIII,214,TW,2016-05-21
it.android.demi.elettronica.pro,ElectroDroidPro,215,TW,2016-05-21
com.shinycore.picsaypro,PicSayPro-PhotoEditor,216,TW,2016-05-21
com.turner.atskisafari,SkiSafari:AdventureTime,217,TW,2016-05-21
com.creanet3d.drc,DARKNESSROLLERCOASTERVR,218,TW,2016-05-21
com.northcube.sleepcycle,SleepCyclealarmclock,219,TW,2016-05-21
se.thegreen.themes.fantasy,XPERIA™FantasyTheme,220,TW,2016-05-21
com.wolfram.android.alpha,WolframAlpha,221,TW,2016-05-21
com.popularapp.sevenminspro,7分間トレーニングPRO,222,TW,2016-05-21
com.digibites.calendarplus,DigiCal+日本カレンダースケジュール,223,TW,2016-05-21
it.ptoti.g3_tweaksbox.unlocker,G3/G4TweaksBoxUnlocker,224,TW,2016-05-21
com.thinkyeah.galleryvault.key,GalleryVaultProKey,225,TW,2016-05-21
air.byss.mobi.instaweatherpro,InstaWeatherPRO,226,TW,2016-05-21
com.coffeestainstudios.goatsimulator,GoatSimulator,227,TW,2016-05-21
com.vl.infotrax.doterra,doTERRA,228,TW,2016-05-21
com.falstad.megaphotopro,MegaPhotoPro,229,TW,2016-05-21
tw.com.mebook.mbivy4719180202024,常春藤新多益聽力攻略-最有效的多益聽力應考祕笈!,230,TW,2016-05-21
com.Jeminie.Hmmsim2,Hmmsim2-TrainSimulator,231,TW,2016-05-21
se.thegreen.themes.mangamusic,XPERIA™MangaMusicTheme,232,TW,2016-05-21
com.nuance.swype.dtc,SwypeKeyboard,233,TW,2016-05-21
com.turner.stevenrpg,アタック・ザ・ライト-スティーブン・ユニバースRPG,234,TW,2016-05-21
com.aircate.engscenariotalksocial,英文即時通：社交情境會話完整版,235,TW,2016-05-21
com.speedsoftware.rootexplorer,RootExplorer,236,TW,2016-05-21
com.sikebox.retrorika.material.icons,RETRORIKAICONPACK,237,TW,2016-05-21
com.longtongcom.magictowerstorypaid,魔塔物語,238,TW,2016-05-21
tw.com.soyong.hiragana,五十音輕鬆學,239,TW,2016-05-21
tw.com.mebook.mbivy4719180202048,常春藤新多益模擬測驗-全面突破,240,TW,2016-05-21
com.estt.ble.fb.etracing,eTracing,241,TW,2016-05-21
com.t2ksports.wwe2k15mobile,WWE2K,242,TW,2016-05-21
org.antivirus,PRO版アンチウイルス:AVGAntiVirus,243,TW,2016-05-21
com.sonymobile.themes.groovy,XPERIA™GroovyTheme,244,TW,2016-05-21
com.period.tracker.deluxe,生理カレンダー・デラックス,245,TW,2016-05-21
com.jrtstudio.AnotherMusicPlayer.Unlocker,ロケットプレーヤープレミアムアンロック,246,TW,2016-05-21
com.zenstudios.StarWarsPinball,StarWars™Pinball4,247,TW,2016-05-21
com.marginz.snap,SnapCameraHDR,248,TW,2016-05-21
com.melodis.midomiMusicIdentifier,"SoundHound∞音楽検索,曲を聴かせるか歌って検索",249,TW,2016-05-21
com.speedsoftware.sqleditor,SQLiteEditor,250,TW,2016-05-21
com.vicman.photolabpro,PhotoLabPRO,251,TW,2016-05-21
com.appgeneration.itunerpro,myTunerRadioPro,252,TW,2016-05-21
com.stephanelx.vrplayer,VRPlayerPRO,253,TW,2016-05-21
com.snkplaymore.android012,餓狼伝説SPECIAL,254,TW,2016-05-21
com.dictionary.paid,Dictionary.comPremium,255,TW,2016-05-21
com.headupgames.bridgeconstructorplayground,BridgeConstructorPlayground,256,TW,2016-05-21
com.gameloft.android.ANMP.GloftM4HM,モダンコンバット4：ZeroHour,257,TW,2016-05-21
mobi.infolife.taskmanagerpro,高級タスクマネージャ専門版,258,TW,2016-05-21
com.hamsteroncoke.zenge,Zenge,259,TW,2016-05-21
co.findship.FindShip2Pro,FindShipPro,260,TW,2016-05-21
com.playdead.limbo.full,LIMBO,261,TW,2016-05-21
com.jwork.spycamera.donate2,JWorkDonate,262,TW,2016-05-21
com.sonymobile.themes.secretagent,XPERIA™SecretAgentTheme,263,TW,2016-05-21
com.ssp.Woods,WoodsforXPERIA™,264,TW,2016-05-21
com.androidassistant.paid,AssistantProforAndroid,265,TW,2016-05-21
com.xcome.android.longman,朗文當代高級辭典(英英/英漢雙解),266,TW,2016-05-21
org.peakfinder.area.alps,PeakFinderEarth,267,TW,2016-05-21
bopomo.kids.edu.pro,ㄅㄆㄇ注音學習卡PRO,268,TW,2016-05-21
com.smartmobilesoftware.phototranslator,PhotoTranslator,269,TW,2016-05-21
com.n7mobile.nplayerunlocker,n7player製品版,270,TW,2016-05-21
com.foursakenmedia.bugheroes2,BugHeroes2,271,TW,2016-05-21
com.square_enix.FFIXww.android_googleplay,FINALFANTASYIXforAndroid,272,TW,2016-05-21
com.bria.voip,BriaAndroid-VoIPSoftphone,273,TW,2016-05-21
com.ratana.sunsurveyor,サン·サーベイヤー(SunSurveyor),274,TW,2016-05-21
com.electricfrenchfries.htct.premium,人猫語翻訳機・デラックス,275,TW,2016-05-21
se.knowit.mobile.reality,Xperia™テーマ-Reality,276,TW,2016-05-21
com.rcreations.WebCamViewerPaid,IPCamViewerPro,277,TW,2016-05-21
com.oakstar.fliktu,Fliktu:ShareFast,278,TW,2016-05-21
co.smartwatchface.speeds.pro.watch.face,SpeedsProWatchFace,279,TW,2016-05-21
com.Cmoar.CmoarRollerCoaster,CmoarRollerCoasterVR,280,TW,2016-05-21
com.devguru.eltwomonusb,"TwomonUSB-USBモニタ,デュアルモニタ",281,TW,2016-05-21
com.runtastic.android.pro2,RuntasticPROGPSランニング＆ウォーキング,282,TW,2016-05-21
com.majedev.superbeampro,SuperBeamPROUnlocker,283,TW,2016-05-21
tw.org.twgbr.android.AudioBible,《有聲聖經》有聲APP,284,TW,2016-05-21
com.appautomatic.ankulua.pro,AnkuLuaPro(NoRoot),285,TW,2016-05-21
com.dontaskstudio.dodojapan,逗逗DoDo日本之旅,286,TW,2016-05-21
com.extreamsd.usbaudioplayerpro,USBAudioPlayerPRO,287,TW,2016-05-21
com.disney.wheresmymickey_goo,Where'sMyMickey?,288,TW,2016-05-21
com.dotemu.ddtrilogy,DoubleDragonTrilogy,289,TW,2016-05-21
com.artifexmundi.timemysteries3.gp.full,タイム・ミステリーズ3(Full),290,TW,2016-05-21
com.onkyo.jp.hfplayer_unlocker,OnkyoHFPlayerUnlocker,291,TW,2016-05-21
com.sonymobile.themes.bokeh,XPERIA™BokehTheme,292,TW,2016-05-21
appinventor.ai_TaiwanKidsapp.TK_TicTacToe_PRO,井字圈圈叉叉,293,TW,2016-05-21
com.killerfishgames.atlanticfleet,AtlanticFleet,294,TW,2016-05-21
imoblife.toolbox.full.prokey,ToolboxProKeyManager,295,TW,2016-05-21
com.gameloft.android.ANMP.GloftKRHM,ダークナイトライジング,296,TW,2016-05-21
com.ko.toeic.challenge.cn.all,挑戰TOEIC英語聽力,297,TW,2016-05-21
com.wilysis.cellinfo,NetworkCellInfo,298,TW,2016-05-21
com.pixtogram.wear.lookbehind,LookBehindforAndroidWear,299,TW,2016-05-21
com.noctuasoftware.stellarium,Stellariumはモバイルプラネタリウム,300,TW,2016-05-21
com.instant.gept_e_vocabulary,80天搞定英檢初級單字,301,TW,2016-05-21
menion.android.locus.pro,LocusマップPro-アウトドア用GPS,302,TW,2016-05-21
com.ceco.gravitybox.unlocker,GravityBoxUnlocker,303,TW,2016-05-21
com.otek.transwhizjpntch,Transwhiz日中（繁体字）翻訳/辞書,304,TW,2016-05-21
se.thegreen.themes.magic,XPERIA™MagicTheme,305,TW,2016-05-21
se.thegreen.themes.steampunk,XPERIA™SteampunkTheme,306,TW,2016-05-21
com.mozglabs.citysiedge,ZombieCityDefense,307,TW,2016-05-21
com.splashtop.xdisplay.wired.pro,SplashtopWiredXDisplay,308,TW,2016-05-21
com.neximolabs.droidtimelapsepro,FramelapsePro,309,TW,2016-05-21
video.player.audioplayer.music.pro,VideoPlayerHDPro,310,TW,2016-05-21
com.marinetraffic.android,MarineTrafficshippositions,311,TW,2016-05-21
com.apalon.weatherlive,天気ライブ,312,TW,2016-05-21
com.digitalchemy.calculator.decimal,計算機プラス,313,TW,2016-05-21
jp.lecre.theme.hellokitty.japonism.b,ハローキティJaponismBテーマ,314,TW,2016-05-21
jp.gungho.dokuro,Dokuro,315,TW,2016-05-21
com.runtastic.android.squats.pro,RuntasticSquatsPROスクワット,316,TW,2016-05-21
net.kairosoft.android.school2_ja,名門ポケット学院2,317,TW,2016-05-21
com.square_enix.chaosrings2gp,CHAOSRINGSII,318,TW,2016-05-21
uk.co.aifactory.go,Go-囲碁,319,TW,2016-05-21
com.dualcarbon.drivesimulator2016,ドライブシミュレーター2016,320,TW,2016-05-21
com.lwi.android.flappsfull,FloatingApps(multitasking),321,TW,2016-05-21
com.atypicalgames.sgsr,SkyGamblers:StormRaiders,322,TW,2016-05-21
com.BEbit.MrSnoozleberg,MrSnoozleberg,323,TW,2016-05-21
com.endspacevr,EndSpaceVRforCardboard,324,TW,2016-05-21
com.compass.full,智能風水羅盤(專業版),325,TW,2016-05-21
com.square_enix.android_googleplay.FFVI,FINALFANTASYVI,326,TW,2016-05-21
com.artifexmundi.demonhunter.gp.full,デーモンハンター(Full),327,TW,2016-05-21
com.kb.Carrom3DFull,PoolBreakPro-3Dビリヤードやスヌーカー,328,TW,2016-05-21
com.dotemu.rtype,R-TYPE,329,TW,2016-05-21
com.daysofwonder.Splendor.gp,Splendor,330,TW,2016-05-21
com.pinkfroot.planefinder,PlaneFinder-FlightTracker,331,TW,2016-05-21
com.goseet.VidTrimPro,VidTrimPro-VideoEditor,332,TW,2016-05-21
se.thegreen.themes.starrysky,XPERIA™StarrySky,333,TW,2016-05-21
com.kingwaytek.gotcha.transit.pro,樂客轉乘通三都版&公車，捷運，客運，火車，高鐵，船舶,334,TW,2016-05-21
air.com.flipline.papasburgeriatogo,Papa'sBurgeriaToGo!,335,TW,2016-05-21
tw.com.get.ilaw29.y2016,公法及其相關法規2016年版,336,TW,2016-05-21
uk.co.nickfines.RealCalcPlus,RealCalcPlus,337,TW,2016-05-21
bstn.beefsoup.guide.vip,牛肉湯指南(VIP),338,TW,2016-05-21
se.thegreen.themes.bestfriends,XPERIA™BestFriendsTheme,339,TW,2016-05-21
com.uniqueundead.fisheye,FisheyeIconPack,340,TW,2016-05-21
air.com.dashbunny.jlptn3,玩日語單字:一玩搞定!用遊戲戰勝日語能力試N3單詞-發聲版,341,TW,2016-05-21
tw.com.mebook.google.taptalk.twtojp4719180138859,日本旅遊手指通,342,TW,2016-05-21
com.bettertomorrowapps.spyyourlove,CoupleTracker-忠実度のパートナーと愛,343,TW,2016-05-21
com.hantor.CozyMagPlus,拡大鏡&顕微鏡Plus(ルーペ),344,TW,2016-05-21
me.dreamsky.lostjourney2,時空の旅,345,TW,2016-05-21
com.tocaboca.tocanature,トッカ・ネイチャー(TocaNature),346,TW,2016-05-21
com.wakdev.nfctools.pro,NFCTools-ProEdition,347,TW,2016-05-21
com.sagosago.Monsters.googleplay,サゴミ二モンスター,348,TW,2016-05-21
pl.solidexplorer.unlocker,SolidExplorerClassicUnlock,349,TW,2016-05-21
com.webprancer.google.garfieldescape,ガーフィールドの逃走プレミアム,350,TW,2016-05-21
com.nll.asr.license,Sound&VoiceRecorderLicense,351,TW,2016-05-21
com.joko.paperlandpro,PaperlandProLiveWallpaper,352,TW,2016-05-21
com.magiccubegames.barcodeknight,バーコード勇者(BarcodeKnight),353,TW,2016-05-21
nl.mercatorgeo.aeroweather,AeroWeather,354,TW,2016-05-21
air.com.tornscreen.cfgame01,CASHFLOW-TheInvestingGame,355,TW,2016-05-21
com.hitcents.stickmanepic,DrawaStickman:EPIC,356,TW,2016-05-21
com.outerminds.pewdiepie,PewDiePie:LegendofBrofist,357,TW,2016-05-21
com.nll.screenrecorder.license,ScreenRecorderライセンス,358,TW,2016-05-21
com.monefy.app.pro,MonefyPro-MoneyManager,359,TW,2016-05-21
com.rollingfortress.wanderlust,Wanderlust:FogofWar,360,TW,2016-05-21
com.dq.fotometroNa,LightMeter(noAds),361,TW,2016-05-21
com.dlink.mydlinkplus,mydlink+,362,TW,2016-05-21
com.leafcutterstudios.yayog,YouAreYourOwnGym,363,TW,2016-05-21
se.knowit.mobile.pinkhearts,XPERIA™PinkHeartsTheme,364,TW,2016-05-21
com.safeincloud,パスワードマネージャーSafeInCloud™,365,TW,2016-05-21
com.kapp.font.editor.pro,FontEditorPro-ChangeFontSize,366,TW,2016-05-21
droom.sleepIfUCan.pro,Alarmy(SleepIfUCan)-Pro,367,TW,2016-05-21
com.reallusion.biglens,BigLens,368,TW,2016-05-21
jp.ne.kutu.PanecalPlus,関数電卓PanecalPlus,369,TW,2016-05-21
com.badoo.mobile.premium,BadooPremium,370,TW,2016-05-21
com.apm.mymoneydiary,Cash.Book,371,TW,2016-05-21
com.flavionet.android.cinema.pro,CinemaFV-5,372,TW,2016-05-21
huskydev.android.watchface.everyday,HuskyDEVEveryDayWatchFace,373,TW,2016-05-21
tw.com.mebook.mbivy4719180202031,常春藤新多益閱讀攻略-各類題型破解指南,374,TW,2016-05-21
com.gau.go.launcherex.key,GOLauncherPrime(RemoveAds),375,TW,2016-05-21
com.DefiantDev.SkiSafari,SkiSafari,376,TW,2016-05-21
com.sage.ljpp,LearningJapanesePro,377,TW,2016-05-21
com.pengpeng.coolsymbolspro,COOLSYMBOLSPRO,378,TW,2016-05-21
com.frozenape.tempo,Metronome:Tempoメトロノーム,379,TW,2016-05-21
dk.tacit.android.foldersync.full,FolderSync,380,TW,2016-05-21
com.gdc.android.yubisashi.tawan.jp.pro,指指通會話臺灣華語-日本touch＆talk,381,TW,2016-05-21
com.eclaix.www.earthpaid,DawnofWarriors,382,TW,2016-05-21
com.motionone.afterfocus_pro,AfterFocusPro,383,TW,2016-05-21
com.tocaboca.tocatown,トッカ・ライフ：タウン(TocaLife:Town),384,TW,2016-05-21
com.artifexmundi.grimlegends2.gp.full,グリムレジェンド2(Full),385,TW,2016-05-21
com.realbyteapps.moneya,らくな家計簿(+パソコン),386,TW,2016-05-21
com.instant.conquerphrase,戰勝片語1200,387,TW,2016-05-21
com.trimble.buildings.sketchup,SketchUpMobileViewer,388,TW,2016-05-21
com.fsdigital.skinstudio,MinecraftSkinStudio,389,TW,2016-05-21
com.digipom.easyvoicerecorder.pro,簡単ボイスレコーダープロ,390,TW,2016-05-21
com.pikpok.mamc,MonstersAteMyCondo,391,TW,2016-05-21
com.lyrebirdstudio.tinyplanet,TinyPlanetFxPro,392,TW,2016-05-21
com.acoustiguidemobile.am_npm_southern,NPMSouthernBranchGuide,393,TW,2016-05-21
coolcherrytrees.games.reactor4,4PlayerReactor(Multiplayer),394,TW,2016-05-21
pl.vipek.camera,DSLRCameraPro,395,TW,2016-05-21
com.the3d4medical.EssentialAnatomy,EssentialAnatomy3,396,TW,2016-05-21
nl.fameit.rotate_license,最高のローテーション制御(ライセンス版),397,TW,2016-05-21
com.tocaboca.tocacars,トッカ・カー(TocaCars),398,TW,2016-05-21
com.infantcry,InfantCryingTranslator,399,TW,2016-05-21
com.explorationbase.Exploration,Exploration,400,TW,2016-05-21
au.com.shiftyjelly.pocketcasts,PocketCasts,401,TW,2016-05-21
com.candyrufusgames.survivalcraft,Survivalcraft,402,TW,2016-05-21
com.synerfun.weatherpro,台灣新氣象Pro,403,TW,2016-05-21
com.kurechii.tinyguardians,TinyGuardians,404,TW,2016-05-21
se.jstark.themes.cubotaqua,ThemeXp-CUBOTAQUA,405,TW,2016-05-21
com.silvermoonapps.learnjapaneselanguagepro,楽しい日本語を学びましょうLuvLinguaPro,406,TW,2016-05-21
com.gmail.heagoo.apkpermremover.pro,APKPermissionRemover(Pro),407,TW,2016-05-21
com.tribeplay.pandaairport,Dr.Pandaの空港,408,TW,2016-05-21
com.vocabulary.app,Vocabulary.com,409,TW,2016-05-21
tw.com.mebook.mbjinni4719180208156,挑戰新多益聽力990-Test3,410,TW,2016-05-21
com.penpower.bcr.worldcard.chinese,蒙恬名片王-Mobile(中日韓英名片辨識系統),411,TW,2016-05-21
com.popularapp.periodcalendar.pro,生理日・妊娠・排卵日カレンダーPro,412,TW,2016-05-21
com.hantor.CozyCameraPlus,静かな超高速カメラPlus,413,TW,2016-05-21
se.thegreen.themes.pureblue,XPERIA™PureBlueTheme,414,TW,2016-05-21
vn.serdykee.dubstep,XPERIATHEMEDubstep,415,TW,2016-05-21
se.thegreen.themes.poker,XPERIA™PokerTheme,416,TW,2016-05-21
com.onemanleft.tilttolive2,TilttoLive2:Redonkulous,417,TW,2016-05-21
com.wb.goog.llotr,LEGO®TheLordoftheRings™,418,TW,2016-05-21
com.scottgames.fivenightsatfreddys,FiveNightsatFreddy's,419,TW,2016-05-21
tw.org.twgbr.android.Hymns2,《詩歌合輯》有聲APP,420,TW,2016-05-21
com.tribeplay.pandasupermarket,Dr.Pandaスーパーマーケット,421,TW,2016-05-21
apps.ignisamerica.cleaner.pro,スマホ最適化PRO（サクサクスマホ、メモリ解放、電池節電）,422,TW,2016-05-21
com.wb.goog.lbbg,LEGO®バットマンザ・ゲームゴッサムから宇宙へ,423,TW,2016-05-21
com.devolver.downwell,Downwell,424,TW,2016-05-21
com.galaxytone.tarot,GalaxyTarotPro,425,TW,2016-05-21
net.mobigame.edge,EDGE,426,TW,2016-05-21
com.rovio.angrybirdsspace.premium,AngryBirdsSpacePremium,427,TW,2016-05-21
com.mlhg.screenfilterpro,DarkerPro,428,TW,2016-05-21
com.Polyculture.Prune,Prune,429,TW,2016-05-21
age.of.civilizations.asia.jakowski,エイジ・オブ・シヴィライゼーション,430,TW,2016-05-21
com.gameloft.android.ANMP.GloftA7HM,アスファルト7：Heat,431,TW,2016-05-21
no.wunderapps.linebackuprestore,LINESync(バックアップ/復元),432,TW,2016-05-21
com.swapit.expander.de,ROEHSOFTRAM-EXPANDER(SWAP),433,TW,2016-05-21
jp.co.radius.neplayer_ver2,ハイレゾ再生に最適な音楽プレイヤーアプリ［NePLAYER］,434,TW,2016-05-21
com.mantz_it.rfanalyzer,RFAnalyzer,435,TW,2016-05-21
net.trackview.sp,TrackViewカメラプロ,436,TW,2016-05-21
com.PanicEnsuesSoftware.CrashDive,CrashDive,437,TW,2016-05-21
info.kfsoft.android.TrafficIndicatorPro,ネットワークモニタミニプロ,438,TW,2016-05-21
com.icecoldapps.screenshoteasypro,スクリーンショットイージープロ,439,TW,2016-05-21
mindware.mindgamespro,MindGamesPro,440,TW,2016-05-21
com.waywickedapps.maraudersmap,Marauder'sMap,441,TW,2016-05-21
com.ianpidgeon.magicspider,MagicSpider,442,TW,2016-05-21
com.explusalpha.NesEmu,NES.emu,443,TW,2016-05-21
uk.co.olilan.touchcalendar,タッチ・カレンダー,444,TW,2016-05-21
com.penpower.worldictionary,Worldictionary-外国語の学習ツール,445,TW,2016-05-21
jp.co.sega.vtc,VirtuaTennis™Challenge,446,TW,2016-05-21
com.ascendapps.timestampcamera,タイムスタンプカメラ,447,TW,2016-05-21
com.runtastic.android.roadbike.pro,RuntasticRoadBikePROGPS,448,TW,2016-05-21
com.sonymobile.themes.hoteltransylvania2,XPERIA™HotelTransylvania2,449,TW,2016-05-21
com.rockstargames.gtalcs,GTA:LibertyCityStories,450,TW,2016-05-21
com.agaming.mentalhospitaliv,MentalHospitalIV,451,TW,2016-05-21
com.halfbrick.fruitninja,FruitNinja,452,TW,2016-05-21
tw.com.get.ilaw30.y2016,民法及其相關法規2016,453,TW,2016-05-21
org.zooper.zwpro,ZooperWidgetPro,454,TW,2016-05-21
it.rortos.airnavyfighters,AirNavyFighters,455,TW,2016-05-21
com.dontaskstudio.dodochina,逗逗DoDo中國之旅,456,TW,2016-05-21
com.sonymobile.smartconnect.extension.mynotifications,NotificationsforSBH50/52,457,TW,2016-05-21
com.scea.entwined,Entwined™Challenge,458,TW,2016-05-21
com.disney.TempleRunOz.goo,TempleRun:Oz,459,TW,2016-05-21
tw.com.mebook.mbivy4719180202239,觀光英語通—自助旅行必備英文隨身冊,460,TW,2016-05-21
com.inventec.dreye.dictnewpad.asus,Dr.eye譯典通(PAD),461,TW,2016-05-21
com.square_enix.android_googleplay.chrono,クロノ・トリガー,462,TW,2016-05-21
com.devc.cleogold,CLEOGold,463,TW,2016-05-21
com.sanbae.dimlight,ディム・ライト(DimLight),464,TW,2016-05-21
com.spacesofplay.spirits,Spirits,465,TW,2016-05-21
se.thegreen.themes.techworld,XPERIA™TECHWORLD,466,TW,2016-05-21
com.madfingergames.SamuraiIIAll,SamuraiII:Vengeance,467,TW,2016-05-21
se.thegreen.themes.panda,XPERIA™PandaTheme,468,TW,2016-05-21
tw.org.twgbr.android.LifeStudy,《生命讀經》有聲APP,469,TW,2016-05-21
com.skyfox.foxoneAdv,FoxOneAdvancedEdition,470,TW,2016-05-21
jp.snowlife01.android.autooptimization,スマホ最適化Plus,471,TW,2016-05-21
stealthychief.icon.pack.stealth,StealthIconPack,472,TW,2016-05-21
com.palagraph.anovaremote,Sous-videremoteforANOVA,473,TW,2016-05-21
com.koushikdutta.backup.license,Helium(Premium),474,TW,2016-05-21
com.loxai.trinus.full,TrinusVR,475,TW,2016-05-21
com.lonewolfgames.blackthorncastle,ブラックソーンキャッスル,476,TW,2016-05-21
com.viettran.INKrediblePro,INKrediblePRO,477,TW,2016-05-21
jp.co.netfun.cinderella.opt,【パチスロ】シンデレラブレイド完全版,478,TW,2016-05-21
org.dmfs.caldav.lib,CalDAV-Sync,479,TW,2016-05-21
com.tocaboca.tocapetdoctor,トッカ・ペット・ドクター(TocaPetDoctor),480,TW,2016-05-21
com.okshur.enchantedCave2,TheEnchantedCave2,481,TW,2016-05-21
com.jrummy.root.browser,RootBrowser(FileManager),482,TW,2016-05-21
com.rockstargames.gtactw,GTA:ChinatownWars,483,TW,2016-05-21
org.ppsspp.ppssppgold,PPSSPPGOLD-PSPemulator,484,TW,2016-05-21
com.xrite.mypantone,myPantone,485,TW,2016-05-21
com.dancingpixelstudios.sixaxiscontroller,SixaxisController,486,TW,2016-05-21
com.sonymobile.themes.underthesurface,XPERIA™UnderTheSurface,487,TW,2016-05-21
org.oftn.rainpaper,Rainpaper,488,TW,2016-05-21
com.runtastic.android.pushup.pro,RuntasticPush-UpsPRO腕立て伏せ,489,TW,2016-05-21
com.coliferlab.picasatool.lictwo,PremiumLicenseforPICASATOOL,490,TW,2016-05-21
com.artifexmundi.vampirelegends.gp.full,バンパイア伝説(Full),491,TW,2016-05-21
com.tribeplay.pandafunfair,Dr.Pandaのフェスティバル,492,TW,2016-05-21
com.skystars.dicksonphrasepro,狄克森片語Pro&TOEIC(無廣告),493,TW,2016-05-21
com.firerabbit.android.game.customcar.full,カスタムカー：オートモッズと詳細,494,TW,2016-05-21
com.catfishanimationstudio.MuscularSystem,筋肉系-解剖学3Dアトラス-人体の骨格と筋肉,495,TW,2016-05-21
ReptileCalculator.ReptileCalculator,ReptileCalculator,496,TW,2016-05-21
com.appmk.book.AOTRMGAZAVKFBEEM,股票入門知識,497,TW,2016-05-21
com.ahyaida.widget,AhYaiDAWidget(贊助版),498,TW,2016-05-21
push.plus.avtech.com,EagleEyes(Plus),499,TW,2016-05-21
com.voicetranslator.SpeakAndTranslatePro,翻訳者SpeakandTranslate,500,TW,2016-05-21
com.jamzoo.panamafile,醬子查巴拿馬,501,TW,2016-05-21
com.avatron.airdisplay2,AirDisplay2,502,TW,2016-05-21
com.disney.PaintAndPlay_goo,Mickey'sColorandPlay!,503,TW,2016-05-21
com.buffstudio.onthehero,勇者には休みがない！,504,TW,2016-05-21
co.smartwatchface.watch.face.aviator.android.wear,SkymasterPilotWatchFace,505,TW,2016-05-21
com.abbyy.mobile.textgrabber.full,TextGrabber+Translator,506,TW,2016-05-21
com.watch.richface.dynamic,DynamicWatchFace,507,TW,2016-05-21
com.forever.iesabel,Iesabel,508,TW,2016-05-21
com.artifexmundi.emeraldmaiden.gp.full,エメラルドの乙女(Full),509,TW,2016-05-21
au.com.metro.dwjr.loopys,DumbWaysJRLoopy'sTrainSet,510,TW,2016-05-21
com.FirstAidGames.FistsofLight,光明之拳,511,TW,2016-05-21
com.oddworld.Stranger,Oddworld:Stranger'sWrath,512,TW,2016-05-21
com.wingmingdeveloper.livewallpaper.inkPro,InkPro(Fullversion),513,TW,2016-05-21
com.lines4sony.xperia.art,芸術のXperiaのテーマ,514,TW,2016-05-21
com.squareenixmontreal.hitmango,HitmanGO,515,TW,2016-05-21
com.samruston.weather,WeatherTimeline-Forecast,516,TW,2016-05-21
com.zloy.android.downloader.activator,LoaderDroidProLicenseKey,517,TW,2016-05-21
com.onscripter.pluspro,ONScripterPlus(AdFree),518,TW,2016-05-21
com.explodingkittens.projectbombsquad,ExplodingKittens®-Official,519,TW,2016-05-21
air.JLPTN5Android,玩日語單字:一玩搞定!用遊戲戰勝日語能力試N5單詞-發聲版,520,TW,2016-05-21
kemco.execreate.asdivinehearts,RPGアスディバインハーツ-KEMCO,521,TW,2016-05-21
in.co.pricealert.apps2sd.pro,Apps2SDPRO:AllinOneTool,522,TW,2016-05-21
co.hotplate.instalogo,LogoCreator&GraphicsMaker,523,TW,2016-05-21
com.Taptigo.Xposed.XNotifications.License,XNotificationsLicense,524,TW,2016-05-21
com.kuusoukagaku.android.mahjong,四人麻雀,525,TW,2016-05-21
tlc.thirtydays.lordplayer,主禱文,526,TW,2016-05-21
tlc.thirtydays.apostlescreed,使徒信經,527,TW,2016-05-21
com.sagosago.Toolbox.googleplay,サゴミニお道具箱,528,TW,2016-05-21
com.threeminutegames.lifeline.google,Lifeline,529,TW,2016-05-21
tw.org.twgbr.android.bible,e-Bible(RecoveryVersion),530,TW,2016-05-21
com.aovill.language.e2l.ejn.unlocker,NHKEasyJapaneseNewsUnlock,531,TW,2016-05-21
com.southwindsgames.am2s,AirportMania2:WildTrips,532,TW,2016-05-21
com.defianttech.diskdiggerpro,DiskDiggerProfilerecovery,533,TW,2016-05-21
com.notdoppler.earntodie,EarntoDie,534,TW,2016-05-21
style_7.lightanalogclocklw_7pro,LightAnalogClockLW-7PRO,535,TW,2016-05-21
com.gm_shaber.dayrpremium,DayRPremium,536,TW,2016-05-21
se.thegreen.themes.rainglow,XPERIA™RainGlow,537,TW,2016-05-21
com.jaqer.bible.chinese.paid,圣经中英对照朗读版,538,TW,2016-05-21
se.thegreen.themes.cherryblossom,XPERIA™CherryBlossomTheme,539,TW,2016-05-21
com.katecca.screenofflockdonate,ScreenOffandLock(Donate),540,TW,2016-05-21
